1e-05,0.6197739343592538,4.353496000000007
0.00011,0.5670025874982977,6.515070000000009
0.00021,0.5612828544191747,7.136919000000006
0.00031,0.5582868037586818,7.389409000000001
0.00041,0.553588451586545,7.643549999999976
0.00051,0.5473920740841618,8.029192999999992
0.0006100000000000001,0.5434427345771483,8.892855999999995
0.0007100000000000001,0.5391529347678061,8.990280999999982
0.0008100000000000002,0.5346588587770666,8.654449
0.0009100000000000002,0.5306414272095874,8.758899000000014
0.0010100000000000003,0.5279858368514231,9.46104600000001
0.0011100000000000003,0.5245812338281356,10.334199000000012
0.0012100000000000004,0.5224022878932316,10.230102999999986
0.0013100000000000004,0.5208361705025194,10.556361999999979
0.0014100000000000004,0.5189295928094784,10.780956000000003
0.0015100000000000005,0.5176358436606292,11.282594000000017
0.0016100000000000005,0.5156611739071224,11.17246399999999
0.0017100000000000006,0.5142993326978075,10.874347
0.0018100000000000006,0.512528939125698,11.50284899999997
0.0019100000000000007,0.5109628217349858,11.810958000000028
0.0020100000000000005,0.5091243361024105,11.90116999999998
0.0021100000000000003,0.5076263107721639,12.081731999999988
0.00221,0.506264469562849,12.218930999999998
0.00231,0.5050388124744655,12.791728000000035
0.00241,0.5031322347814244,13.031896999999958
0.0025099999999999996,0.501906577693041,13.865754999999979
0.0026099999999999995,0.5009532888465205,14.516273000000012
0.0027099999999999993,0.5003404603023287,13.974976000000026
0.002809999999999999,0.49938717145580824,17.891736000000037
0.002909999999999999,0.4987062508511508,18.54639199999997
0.003009999999999999,0.4974125017023015,19.699572999999987
0.0031099999999999986,0.4961187525534523,20.268633999999963
0.0032099999999999984,0.49543783194879476,17.841970000000003
0.0033099999999999983,0.49414408279994554,19.87942700000002
0.003409999999999998,0.49366743837668525,20.39450499999998
0.003509999999999998,0.4927141495301648,18.689697000000024
0.0036099999999999978,0.49155658450224704,18.63690399999996
0.0037099999999999976,0.4913523083208498,18.617259999999987
0.0038099999999999974,0.4905352035952608,18.625713999999903
0.003909999999999998,0.49005855917200053,18.414653000000044
0.004009999999999998,0.4891733623859458,18.673542999999995
0.004109999999999998,0.4880157973580281,18.81550900000002
0.0042099999999999985,0.4872667846929048,21.25403099999994
0.004309999999999999,0.48638158790685004,22.687771999999995
0.004409999999999999,0.4857687593626583,22.123914000000013
0.004509999999999999,0.48501974669753506,22.014049
0.0046099999999999995,0.4844069181533433,23.093846999999982
0.00471,0.48345362930682284,23.726124000000027
0.00481,0.4833174451858913,23.282303999999954
0.00491,0.4828408007626311,23.179290000000037
0.0050100000000000006,0.4825003404603023,22.92576900000006
0.005110000000000001,0.4822960642789051,23.128969000000097
0.005210000000000001,0.4817513277951791,22.89570500000002
0.005310000000000001,0.4814789595533161,23.45108700000003
0.005410000000000002,0.4810704071905216,23.247009000000048
0.005510000000000002,0.48059376276726135,23.301326000000017
0.005610000000000002,0.4803894865858641,23.514304999999922
0.005710000000000002,0.48004902628353535,23.351420000000076
0.005810000000000003,0.47936810567887783,23.780213000000003
0.005910000000000003,0.4780743565300286,23.88696700000014
0.006010000000000003,0.47746152798583685,23.392560999999887
0.0061100000000000034,0.47705297562304233,23.79789299999993
0.006210000000000004,0.4767125153207136,32.02701000000002
0.006310000000000004,0.4760315947160561,49.478405000000066
0.006410000000000004,0.47589541059512463,59.324400000000196
0.0065100000000000045,0.47569113441372735,58.55661199999986
0.006610000000000005,0.4750102138090699,40.48727900000017
0.006710000000000005,0.4747378455672069,24.402526999999964
0.006810000000000005,0.47432929320441236,24.145379000000048
0.0069100000000000055,0.4739207408416179,24.83297800000014
0.007010000000000006,0.4737164646602206,25.05207900000005
0.007110000000000006,0.47358028053928913,25.225014999999985
0.007210000000000006,0.4732398202369604,26.21292100000005
0.007310000000000007,0.47303554405556314,27.28943500000014
0.007410000000000007,0.4726269916927686,27.114023999999972
0.007510000000000007,0.4724227155113714,27.429916999999932
0.007610000000000007,0.47194607108811115,26.02739900000006
0.007710000000000008,0.4716056107857824,26.373839999999973
0.007810000000000008,0.4714013346043851,27.787082000000055
0.007910000000000007,0.4710608743020564,27.70808799999986
0.008010000000000007,0.47072041399972764,28.117655000000013
0.008110000000000006,0.4700394933950701,27.614235000000008
0.008210000000000005,0.4698352172136729,26.488698000000113
0.008310000000000005,0.4695628489718099,26.519588999999996
0.008410000000000004,0.46908620454854966,26.503506000000016
0.008510000000000004,0.4687457442462209,28.379435000000058
0.008610000000000003,0.46840528394389214,28.73030300000005
0.008710000000000002,0.4683371918834264,28.626267999999982
0.008810000000000002,0.4677924553997004,28.643190999999888
0.008910000000000001,0.4672477189159744,29.219974000000093
0.00901,0.4665667983113169,29.10939899999994
0.00911,0.46581778564619364,28.857872000000043
0.00921,0.4653411412229334,28.62361100000021
0.009309999999999999,0.46472831267874165,29.030420999999933
0.009409999999999998,0.4643197603159472,29.380842999999913
0.009509999999999998,0.4641154841345499,29.56052600000021
0.009609999999999997,0.4641154841345499,29.822975000000042
0.009709999999999996,0.4641154841345499,29.429415000000063
0.009809999999999996,0.4637750238322212,29.750481000000036
0.009909999999999995,0.46350265559035814,29.30252100000007
0.010009999999999995,0.4632983794089609,29.54399400000011
0.010109999999999994,0.46295791910663214,29.192605999999614
0.010209999999999993,0.4624812746833719,29.618273000000045
0.010309999999999993,0.4624812746833719,30.933004999999866
0.010409999999999992,0.46241318262290615,31.176754000000074
0.010509999999999992,0.4620046302601117,30.66778199999999
0.010609999999999991,0.4615279858368514,30.141437000000224
0.01070999999999999,0.4612556175949884,28.103908000000047
0.01080999999999999,0.4612556175949884,27.696833999999853
0.01090999999999999,0.46084706523219393,27.61761000000024
0.011009999999999989,0.4609832493531254,28.126276999999845
0.011109999999999988,0.46111943347405693,27.557260999999926
0.011209999999999987,0.4609151572926597,27.929853999999978
0.011309999999999987,0.46077897317172817,27.59428700000035
0.011409999999999986,0.4602342366880022,28.075119000000086
0.011509999999999986,0.4598937763856734,27.924156999999923
0.011609999999999985,0.46002996050660494,27.740502000000106
0.011709999999999984,0.4596895002042762,28.120805999999902
0.011809999999999984,0.4593490399019474,27.854977999999846
0.011909999999999983,0.45894048753915295,28.24807899999996
0.012009999999999982,0.45900857959961866,28.142749999999978
0.012109999999999982,0.45900857959961866,27.776342000000113
0.012209999999999981,0.45873621135775566,28.491221000000223
0.01230999999999998,0.4586000272368242,27.745433999999932
0.01240999999999998,0.45819147487402967,28.0933500000001
0.01250999999999998,0.45798719869263244,26.627571999999873
0.012609999999999979,0.4576467383903037,26.433172000000013
0.012709999999999978,0.4567615416042489,29.031416000000263
0.012809999999999978,0.4564891733623859,29.21356199999991
0.012909999999999977,0.45608062099959146,27.979514999999992
0.013009999999999976,0.45635298924145445,28.50226799999973
0.013109999999999976,0.45608062099959146,27.878007000000252
0.013209999999999975,0.45567206863679693,27.757865000000038
0.013309999999999975,0.4553316083344682,27.014560999999958
0.013409999999999974,0.4551954242135367,26.11797800000022
0.013509999999999973,0.45512733215307094,26.28526600000032
0.013609999999999973,0.4551954242135367,27.699993000000177
0.013709999999999972,0.4550592400926052,26.511007999999947
0.013809999999999972,0.45485496391120794,26.472787999999582
0.013909999999999971,0.4547187797902765,26.511716999999862
0.01400999999999997,0.4544464115484135,26.557488999999805
0.01410999999999997,0.4542421353670162,26.96758899999986
0.01420999999999997,0.4539016750646875,26.875784000000294
0.014309999999999969,0.45376549094375596,27.14881800000012
0.014409999999999968,0.4535612147623587,27.100832999999966
0.014509999999999967,0.4535612147623587,27.225205000000187
0.014609999999999967,0.45349312270189296,27.092139999999745
0.014709999999999966,0.4535612147623587,27.408808000000136
0.014809999999999966,0.45335693858096143,27.204133000000184
0.014909999999999965,0.4532888465204957,27.54259000000002
0.015009999999999964,0.45294838621816697,27.231909000000087
0.015109999999999964,0.45301647827863273,27.085367000000133
0.015209999999999963,0.45294838621816697,27.304079
0.015309999999999963,0.45301647827863273,28.770046999999977
0.015409999999999962,0.45274411003676973,28.955211999999847
0.015509999999999961,0.45267601797630397,29.103270000000066
0.01560999999999996,0.45240364973444097,28.64961600000015
0.01570999999999996,0.45226746561350945,28.978106000000025
0.01580999999999996,0.45192700531118074,28.510627999999997
0.01590999999999996,0.45172272912978345,27.261019000000033
0.01600999999999996,0.451586545008852,28.268958999999995
0.016109999999999958,0.451858913250715,27.118197000000237
0.016209999999999957,0.451858913250715,27.418311999999787
0.016309999999999956,0.45172272912978345,28.73368500000015
0.016409999999999956,0.45165463706931774,28.913140000000112
0.016509999999999955,0.451586545008852,28.508938999999828
0.016609999999999955,0.451314176766989,29.20923800000037
0.016709999999999954,0.45117799264605746,29.20537299999978
0.016809999999999953,0.4512460847065232,29.072715000000244
0.016909999999999953,0.451314176766989,28.888709999999264
0.017009999999999952,0.4511099005855917,28.587774999999965
0.01710999999999995,0.4509737164646602,28.554815999999846
0.01720999999999995,0.4507013482227972,28.998803000000407
0.01730999999999995,0.4507013482227972,28.80670199999986
0.01740999999999995,0.4505651641018657,28.831688000000213
0.01750999999999995,0.4505651641018657,28.922013000000334
0.01760999999999995,0.45036088792046847,29.569949000000634
0.017709999999999948,0.45036088792046847,29.56211499999972
0.017809999999999947,0.4502927958600027,30.081445000000713
0.017909999999999947,0.4500204276181397,33.601612999999816
0.018009999999999946,0.4498161514367425,31.86337899999944
0.018109999999999946,0.449407599073948,29.59900000000016
0.018209999999999945,0.4492714149530165,29.362009999999827
0.018309999999999944,0.44913523083208495,31.81909899999937
0.018409999999999944,0.4489990467111535,29.798523999999816
0.018509999999999943,0.44886286259022196,31.080832999999984
0.018609999999999943,0.4489990467111535,31.33660400000008
0.018709999999999942,0.44886286259022196,31.07379800000035
0.01880999999999994,0.4486585864088247,31.300961000000825
0.01890999999999994,0.4483862181669617,31.020610000000488
0.01900999999999994,0.4481819419855645,31.405526999999893
0.01910999999999994,0.44770529756230426,31.092902000000322
0.01920999999999994,0.44743292932044126,31.535012999999708
0.01930999999999994,0.44729674519950974,31.126612000000023
0.019409999999999938,0.4470924690181125,30.65032499999961
0.019509999999999937,0.4471605610785782,31.229863999999907
0.019609999999999937,0.44702437695764674,31.289652000000387
0.019709999999999936,0.44702437695764674,31.02324200000021
0.019809999999999935,0.44675200871578374,31.064190000000053
0.019909999999999935,0.44675200871578374,31.170180999999502
0.020009999999999934,0.4465477325343865,31.27595399999973
0.020109999999999933,0.446411548413455,31.244692000000214
0.020209999999999933,0.446139180171592,31.574634000000515
0.020309999999999932,0.4460029960506605,31.71812299999965
0.02040999999999993,0.4463434563529892,31.634218000000146
0.02050999999999993,0.44620727223205775,31.946686999999656
0.02060999999999993,0.446139180171592,31.457589000000553
0.02070999999999993,0.4460029960506605,30.50240500000018
0.02080999999999993,0.44593490399019475,30.40402400000039
0.02090999999999993,0.445866811929729,31.965044999999918
0.021009999999999928,0.4460029960506605,31.837314000000333
0.021109999999999927,0.4460029960506605,29.663434000000052
0.021209999999999927,0.4457987198692632,31.052708999999595
0.021309999999999926,0.445866811929729,31.503013999999894
0.021409999999999926,0.4457987198692632,29.725664999999935
0.021509999999999925,0.4460029960506605,31.725360000000364
0.021609999999999924,0.445866811929729,30.954412999999477
0.021709999999999924,0.44593490399019475,31.099081999999726
0.021809999999999923,0.4457987198692632,29.68817399999989
0.021909999999999923,0.4457306278087975,29.71136099999967
0.022009999999999922,0.4457987198692632,31.624893999999586
0.02210999999999992,0.44566253574833176,30.034402000000227
0.02220999999999992,0.4454582595669345,31.189664000000448
0.02230999999999992,0.44525398338553723,31.621180000000095
0.02240999999999992,0.44498161514367424,31.543072999999822
0.02250999999999992,0.44484543102274277,31.265879999999925
0.02260999999999992,0.44457306278087977,32.13590899999963
0.022709999999999918,0.4443687865994825,31.73536100000001
0.022809999999999917,0.44430069453901677,31.087366000000657
0.022909999999999917,0.444232602478551,32.08275099999992
0.023009999999999916,0.4440283262971538,31.273725000000013
0.023109999999999915,0.4440283262971538,31.983369999999923
0.023209999999999915,0.443960234236688,32.079225000000406
0.023309999999999914,0.4438240501157565,32.135285000000295
0.023409999999999914,0.4435516818738935,32.021913999999924
0.023509999999999913,0.44334740569249625,32.28739500000029
0.023609999999999912,0.44334740569249625,32.05289499999981
0.02370999999999991,0.443143129511099,31.960390999999618
0.02380999999999991,0.44307503745063326,31.926884999999857
0.02390999999999991,0.44321122157156473,31.88590699999986
0.02400999999999991,0.443143129511099,31.372965999999906
0.02410999999999991,0.44293885332970173,31.482192000000396
0.02420999999999991,0.4430069453901675,31.712185999999747
0.024309999999999908,0.442870761269236,33.49047799999971
0.024409999999999907,0.44293885332970173,33.219896999999946
0.024509999999999907,0.44293885332970173,33.247411000000284
0.024609999999999906,0.44293885332970173,33.296856000000844
0.024709999999999906,0.44280266920877026,31.880357000000004
0.024809999999999905,0.44280266920877026,33.41211300000032
0.024909999999999904,0.44280266920877026,31.668155000000297
0.025009999999999904,0.44293885332970173,31.542054000000462
0.025109999999999903,0.44293885332970173,31.66511300000002
0.025209999999999903,0.4430069453901675,33.57751599999938
0.025309999999999902,0.442870761269236,33.63007000000016
0.0254099999999999,0.44266648508783873,33.36100399999941
0.0255099999999999,0.44280266920877026,33.160571000000346
0.0256099999999999,0.442870761269236,33.17933300000004
0.0257099999999999,0.44280266920877026,33.48338999999942
0.0258099999999999,0.4427345771483045,33.37086399999953
0.0259099999999999,0.442598393027373,33.43383499999982
0.026009999999999898,0.44253030096690726,33.639861000000565
0.026109999999999897,0.44232602478551003,33.90316200000052
0.026209999999999897,0.44225793272504427,33.47402099999999
0.026309999999999896,0.44198556448318127,33.49427399999968
0.026409999999999895,0.4417131962413183,33.453833999999915
0.026509999999999895,0.4417131962413183,33.74058100000002
0.026609999999999894,0.44178128830178404,33.87013399999978
0.026709999999999894,0.4417131962413183,33.617183000000296
0.026809999999999893,0.44150892005992104,33.712547000000086
0.026909999999999892,0.4413727359389895,33.46315400000003
0.02700999999999989,0.4411684597575923,33.40739399999984
0.02710999999999989,0.44103227563666075,33.555601000000024
0.02720999999999989,0.44075990739479776,33.2870869999997
0.02730999999999989,0.440691815334332,33.35352800000055
0.02740999999999989,0.44075990739479776,33.42448400000012
0.02750999999999989,0.4408279994552635,33.151255000000674
0.027609999999999888,0.440691815334332,33.55922699999974
0.027709999999999887,0.4406237232738663,33.18296199999986
0.027809999999999887,0.4406237232738663,34.675756999999976
0.027909999999999886,0.4406237232738663,34.26518899999974
0.028009999999999886,0.44048753915293476,34.195630000000165
0.028109999999999885,0.4406237232738663,34.81415199999992
0.028209999999999884,0.4405556312134005,36.47652199999993
0.028309999999999884,0.4405556312134005,34.634783999999854
0.028409999999999883,0.4406237232738663,34.606510000000526
0.028509999999999883,0.4406237232738663,35.165868999999475
0.028609999999999882,0.440691815334332,34.389185
0.02870999999999988,0.4406237232738663,34.61427999999978
0.02880999999999988,0.4406237232738663,34.17375800000082
0.02890999999999988,0.4405556312134005,33.936375000000226
0.02900999999999988,0.440419447092469,34.57760099999996
0.02910999999999988,0.4400789867901403,33.90869599999951
0.02920999999999988,0.4400789867901403,35.7768930000002
0.029309999999999878,0.44001089472967453,35.03947599999992
0.029409999999999877,0.439874710608743,34.27247499999976
0.029509999999999877,0.43967043442734577,34.46632999999929
0.029609999999999876,0.43973852648781153,34.52071299999989
0.029709999999999875,0.43960234236688,34.15631200000098
0.029809999999999875,0.4395342503064143,33.93401099999937
0.029909999999999874,0.43939806618548277,35.08922900000107
0.030009999999999874,0.439329974125017,36.15524499999992
0.030109999999999873,0.439329974125017,35.18358099999932
0.030209999999999872,0.439329974125017,34.45058699999936
0.030309999999999872,0.43919379000408554,35.805599999999686
0.03040999999999987,0.43939806618548277,35.38622600000053
0.03050999999999987,0.43919379000408554,34.6394049999999
0.03060999999999987,0.4391256979436198,34.267667000000074
0.03070999999999987,0.43939806618548277,34.56057799999871
0.03080999999999987,0.43946615824594853,34.74804899999981
0.030909999999999868,0.43946615824594853,34.6571729999996
0.031009999999999868,0.43919379000408554,34.06515799999943
0.031109999999999867,0.43898951382268825,34.21762399999898
0.031209999999999866,0.4388533297017568,34.186782000000676
0.031309999999999866,0.43864905352035954,33.83958200000052
0.03140999999999987,0.4385809614598938,34.49040100000093
0.03150999999999987,0.43844477733896225,34.27977499999906
0.031609999999999874,0.43844477733896225,34.2722849999991
0.03170999999999988,0.438240501157565,34.107794999999896
0.03180999999999988,0.437968132915702,34.62792199999967
0.03190999999999988,0.43790004085523626,34.791596000000936
0.032009999999999886,0.43790004085523626,34.789276999999856
0.03210999999999989,0.43783194879477055,34.357780000000275
0.03220999999999989,0.43762767261337326,34.11281300000155
0.032309999999999894,0.4374914884924418,34.148057000000335
0.0324099999999999,0.43742339643197603,34.52523100000144
0.0325099999999999,0.43735530437151027,34.69380699999965
0.0326099999999999,0.43735530437151027,34.45676000000094
0.032709999999999906,0.43735530437151027,34.43439799999942
0.03280999999999991,0.43755958055290756,34.411480000000665
0.03290999999999991,0.43762767261337326,34.25532799999928
0.033009999999999914,0.43762767261337326,34.70825100000002
0.03310999999999992,0.437695764673839,34.8216220000013
0.03320999999999992,0.437695764673839,34.49388100000033
0.03330999999999992,0.43755958055290756,34.430685000001176
0.033409999999999926,0.4374914884924418,34.57098100000076
0.03350999999999993,0.43742339643197603,34.60788400000092
0.03360999999999993,0.43755958055290756,34.70285100000001
0.033709999999999934,0.43755958055290756,34.56025799999952
0.03380999999999994,0.43728721231104456,34.79734699999972
0.03390999999999994,0.4372191202505788,34.43278499999906
0.03400999999999994,0.4370148440691815,34.55648199999996
0.034109999999999946,0.43687865994825004,34.60083200000008
0.03420999999999995,0.43687865994825004,34.576161999999385
0.03430999999999995,0.4368105678877843,36.59350900000027
0.034409999999999955,0.4368105678877843,36.4984800000002
0.03450999999999996,0.4367424758273185,36.97036600000138
0.03460999999999996,0.4367424758273185,36.25113800000145
0.03470999999999996,0.4368105678877843,37.055013999999574
0.034809999999999966,0.4368105678877843,34.50906800000121
0.03490999999999997,0.43687865994825004,34.82315199999903
0.03500999999999997,0.43687865994825004,34.67147599999953
0.035109999999999975,0.4369467520087158,34.52041199999985
0.03520999999999998,0.43708293612964727,34.57234799999969
0.03530999999999998,0.43687865994825004,34.45454400000017
0.03540999999999998,0.4366743837668528,34.53933599999982
0.035509999999999986,0.4367424758273185,34.19980099999884
0.03560999999999999,0.4367424758273185,34.363664000000426
0.03570999999999999,0.4367424758273185,35.128232000000935
0.035809999999999995,0.4368105678877843,34.51531199999954
0.03591,0.4368105678877843,34.881594999998924
0.03601,0.4368105678877843,35.22311300000001
0.03611,0.4368105678877843,35.11744799999906
0.036210000000000006,0.4368105678877843,35.644523999999365
0.03631000000000001,0.43687865994825004,35.75494600000093
0.03641000000000001,0.43687865994825004,35.25144099999852
0.036510000000000015,0.4368105678877843,35.405704999999216
0.03661000000000002,0.4367424758273185,35.400815999999395
0.03671000000000002,0.43660629170638704,35.65389200000027
0.03681000000000002,0.4365381996459213,35.028840999999375
0.036910000000000026,0.4365381996459213,34.755904000001465
0.03701000000000003,0.43660629170638704,35.18453299999965
0.03711000000000003,0.4365381996459213,35.047357999999804
0.037210000000000035,0.4364701075854555,34.99408300000141
0.03731000000000004,0.4364701075854555,34.758812000000034
0.03741000000000004,0.4365381996459213,34.79678999999851
0.03751000000000004,0.4361977393435925,35.02999699999964
0.037610000000000046,0.43606155522266105,37.60927400000037
0.03771000000000005,0.4359253711017295,35.738359000000855
0.03781000000000005,0.4359253711017295,35.10149799999999
0.037910000000000055,0.4359253711017295,35.59991199999968
0.03801000000000006,0.4355849107994008,35.60441299999911
0.03811000000000006,0.4356530028598665,34.91544900000008
0.03821000000000006,0.4357210949203323,35.523856999998316
0.038310000000000066,0.4356530028598665,35.151191000000836
0.03841000000000007,0.43551681873893505,35.39357799999925
0.03851000000000007,0.43551681873893505,34.56890899999962
0.038610000000000075,0.43551681873893505,37.02178500000082
0.03871000000000008,0.43551681873893505,34.48109900000054
0.03881000000000008,0.4356530028598665,36.402807000000394
0.03891000000000008,0.4356530028598665,36.49993199999881
0.039010000000000086,0.43578918698079805,34.45441600000049
0.03911000000000009,0.43578918698079805,34.52488900000026
0.03921000000000009,0.4358572790412638,35.75410399999964
0.039310000000000095,0.4359253711017295,34.164237999999386
0.0394100000000001,0.43578918698079805,36.072721000000456
0.0395100000000001,0.4358572790412638,34.49435699999958
0.0396100000000001,0.4359253711017295,34.54408300000068
0.039710000000000106,0.4359934631621953,34.65988499999912
0.03981000000000011,0.4359253711017295,34.553539000000455
0.03991000000000011,0.4358572790412638,34.402201999999306
0.040010000000000115,0.4359253711017295,34.62238200000138
0.04011000000000012,0.4358572790412638,35.072518999999375
0.04021000000000012,0.4355849107994008,35.23991600000045
0.040310000000000124,0.4354487266784693,34.79785300000003
0.040410000000000126,0.4354487266784693,37.114182999999684
0.04051000000000013,0.4353806346180035,36.79271400000107
0.04061000000000013,0.4353806346180035,36.77352100000098
0.040710000000000135,0.43524445049707206,36.87257300000056
0.04081000000000014,0.43524445049707206,36.390025000000605
0.04091000000000014,0.4353125425575378,36.767651999998634
0.041010000000000144,0.4353125425575378,37.06677900000068
0.041110000000000146,0.4353806346180035,36.839750999999524
0.04121000000000015,0.4353125425575378,36.74613599999975
0.04131000000000015,0.4353125425575378,38.98825299999953
0.041410000000000155,0.4353125425575378,37.25963199999933
0.04151000000000016,0.43524445049707206,36.874039000000266
0.04161000000000016,0.43510826637614053,37.043665000001056
0.041710000000000164,0.43504017431567477,36.679666
0.041810000000000166,0.4349039901947433,36.90883500000018
0.04191000000000017,0.4349039901947433,36.4832290000013
0.04201000000000017,0.4349039901947433,38.25840199999948
0.042110000000000175,0.43497208225520906,36.19190100000014
0.04221000000000018,0.4349039901947433,36.55200199999854
0.04231000000000018,0.43497208225520906,38.11658900000111
0.042410000000000184,0.43497208225520906,36.295861000000514
0.042510000000000187,0.43497208225520906,36.56399799999963
0.04261000000000019,0.4349039901947433,36.221064999999726
0.04271000000000019,0.43497208225520906,38.43047999999908
0.042810000000000195,0.43510826637614053,38.894437000000835
0.0429100000000002,0.43510826637614053,40.72356000000036
0.0430100000000002,0.43510826637614053,40.43834000000061
0.043110000000000204,0.43510826637614053,38.582469000000856
0.04321000000000021,0.43510826637614053,38.73590299999887
0.04331000000000021,0.4351763584366063,36.99855299999945
0.04341000000000021,0.43497208225520906,36.83385400000043
0.043510000000000215,0.43497208225520906,36.6616269999995
0.04361000000000022,0.43476780607381177,38.630567999998675
0.04371000000000022,0.4346316219528803,37.018708000001425
0.043810000000000224,0.43456352989241454,37.20280300000013
0.04391000000000023,0.4346316219528803,36.7358009999989
0.04401000000000023,0.43469971401334606,36.98058899999887
0.04411000000000023,0.4346316219528803,37.11355299999923
0.044210000000000235,0.43469971401334606,38.362269999999626
0.04431000000000024,0.43483589813427753,36.8567750000002
0.04441000000000024,0.43483589813427753,37.2432430000008
0.044510000000000244,0.43476780607381177,37.180263000000195
0.04461000000000025,0.43483589813427753,37.33013200000096
0.04471000000000025,0.43483589813427753,40.90991000000031
0.04481000000000025,0.43476780607381177,37.13957699999992
0.044910000000000255,0.43476780607381177,37.57034999999996
0.04501000000000026,0.4346316219528803,37.3330590000005
0.04511000000000026,0.4346316219528803,39.08823299999858
0.045210000000000264,0.4346316219528803,39.23209200000019
0.04531000000000027,0.43449543783194877,37.70789799999875
0.04541000000000027,0.43449543783194877,38.9786380000005
0.04551000000000027,0.43442734577148306,38.83617000000049
0.045610000000000275,0.4343592537110173,39.206380999999965
0.04571000000000028,0.4343592537110173,38.9145720000015
0.04581000000000028,0.4342230695900858,39.103908000000956
0.045910000000000284,0.4342230695900858,39.08602900000005
0.04601000000000029,0.4342230695900858,38.88457799999924
0.04611000000000029,0.4342230695900858,38.602372999999716
0.04621000000000029,0.4342230695900858,38.90419600000132
0.046310000000000295,0.4342230695900858,38.98278699999901
0.0464100000000003,0.43415497752962007,38.835950000000594
0.0465100000000003,0.43415497752962007,41.16320700000142
0.046610000000000304,0.4339507013482228,39.145299000001614
0.04671000000000031,0.43388260928775707,38.78112299999884
0.04681000000000031,0.43415497752962007,39.52561700000115
0.04691000000000031,0.4340868854691543,39.17454499999985
0.047010000000000315,0.43415497752962007,39.30565100000058
0.04711000000000032,0.4340868854691543,39.182034000001295
0.04721000000000032,0.4339507013482228,39.012674000001425
0.047310000000000324,0.43388260928775707,39.327170999999
0.04741000000000033,0.43388260928775707,39.46270800000093
0.04751000000000033,0.43401879340868854,39.66842100000031
0.04761000000000033,0.4340868854691543,41.341771000001245
0.047710000000000335,0.43401879340868854,39.74385900000016
0.04781000000000034,0.43401879340868854,40.93258799999967
0.04791000000000034,0.4340868854691543,39.78373500000089
0.048010000000000344,0.43415497752962007,39.90031900000031
0.04811000000000035,0.43415497752962007,39.412264000000505
0.04821000000000035,0.4340868854691543,41.47210300000006
0.04831000000000035,0.4339507013482228,40.016012000000046
0.048410000000000356,0.43388260928775707,41.70563500000026
0.04851000000000036,0.4339507013482228,41.466411999999764
0.04861000000000036,0.4339507013482228,40.019209000000046
0.048710000000000364,0.4339507013482228,40.143270999999004
0.04881000000000037,0.43401879340868854,41.58510700000079
0.04891000000000037,0.4340868854691543,39.94716200000039
0.04901000000000037,0.4340868854691543,42.1635669999996
0.049110000000000376,0.4340868854691543,40.03001800000129
0.04921000000000038,0.4338145172272913,41.745936000001166
0.04931000000000038,0.4339507013482228,42.94456900000114
0.049410000000000384,0.43401879340868854,43.045312000000195
0.04951000000000039,0.43388260928775707,40.85045499999978
0.04961000000000039,0.4339507013482228,41.116479000000254
0.04971000000000039,0.43401879340868854,42.37415200000032
0.049810000000000396,0.43415497752962007,42.92162699999972
0.0499100000000004,0.43415497752962007,42.992528999999195
0.0500100000000004,0.43401879340868854,42.53392300000087
0.050110000000000404,0.4339507013482228,43.02028900000005
0.05021000000000041,0.4339507013482228,43.298632
0.05031000000000041,0.4338145172272913,42.85886399999981
0.05041000000000041,0.43388260928775707,43.08518499999991
0.050510000000000416,0.43374642516682554,41.87120900000082
0.05061000000000042,0.4336783331063598,42.220212000000174
0.05071000000000042,0.4336102410458941,41.56982600000083
0.050810000000000424,0.4336783331063598,40.05806699999994
0.05091000000000043,0.4336783331063598,40.32745199999954
0.05101000000000043,0.4336102410458941,40.01012199999968
0.05111000000000043,0.4335421489854283,41.18814199999906
0.051210000000000436,0.43347405692496255,41.50154199999997
0.05131000000000044,0.4333378728040311,41.651568999999654
0.05141000000000044,0.43347405692496255,41.364739999999074
0.051510000000000444,0.4336102410458941,41.79170299999896
0.05161000000000045,0.43374642516682554,42.0523260000009
0.05171000000000045,0.4336102410458941,41.613037999999506
0.05181000000000045,0.4336102410458941,42.06504700000005
0.051910000000000456,0.4335421489854283,42.334302999999636
0.05201000000000046,0.4335421489854283,42.067362000001594
0.05211000000000046,0.4335421489854283,41.426314000000275
0.052210000000000464,0.4335421489854283,41.78009500000189
0.05231000000000047,0.4335421489854283,42.11457900000096
0.05241000000000047,0.4335421489854283,42.02577499999825
0.05251000000000047,0.43347405692496255,41.9167039999993
0.052610000000000476,0.4335421489854283,41.531151999999565
0.05271000000000048,0.4335421489854283,41.60880800000086
0.05281000000000048,0.4336102410458941,41.63624399999753
0.052910000000000484,0.4336102410458941,41.88728700000138
0.05301000000000049,0.4336783331063598,41.503647000001365
0.05311000000000049,0.4338145172272913,42.25057200000083
0.05321000000000049,0.43374642516682554,42.089993000001414
0.053310000000000496,0.4336783331063598,41.547686999998405
0.0534100000000005,0.4336102410458941,41.48740400000315
0.0535100000000005,0.4336102410458941,43.17482899999959
0.053610000000000504,0.4336783331063598,42.96272200000021
0.05371000000000051,0.4335421489854283,42.55642599999919
0.05381000000000051,0.4336102410458941,43.440983000000415
0.05391000000000051,0.4336102410458941,42.971510000003036
0.054010000000000516,0.4336102410458941,42.631132999998954
0.05411000000000052,0.4336783331063598,42.70438600000125
0.05421000000000052,0.43374642516682554,42.642352999999275
0.054310000000000525,0.4336783331063598,42.791292999998404
0.05441000000000053,0.4336102410458941,46.552943999999115
0.05451000000000053,0.4336102410458941,42.64814600000318
0.05461000000000053,0.4336102410458941,42.98420599999736
0.054710000000000536,0.4336102410458941,43.03950499999701
0.05481000000000054,0.43374642516682554,42.616212000000814
0.05491000000000054,0.4336783331063598,40.97928799999863
0.055010000000000545,0.4336102410458941,41.699368999998114
0.05511000000000055,0.4335421489854283,41.59610800000155
0.05521000000000055,0.4334059648644968,42.16905100000076
0.05531000000000055,0.4334059648644968,41.89676099999997
0.055410000000000556,0.4332697807435653,42.20235000000321
0.05551000000000056,0.4332697807435653,41.152977000001556
0.05561000000000056,0.4332697807435653,42.12076800000068
0.055710000000000565,0.43320168868309955,41.7730530000008
0.05581000000000057,0.43320168868309955,41.76089099999808
0.05591000000000057,0.43320168868309955,41.67992800000138
0.05601000000000057,0.43320168868309955,42.11531599999944
0.056110000000000576,0.43320168868309955,41.23312900000019
0.05621000000000058,0.4333378728040311,41.212356
0.05631000000000058,0.4333378728040311,41.57726399999956
0.056410000000000585,0.4333378728040311,41.64885399999912
0.05651000000000059,0.4334059648644968,42.06463299999814
0.05661000000000059,0.4332697807435653,41.975375000001804
0.05671000000000059,0.43320168868309955,41.640275999998266
0.056810000000000596,0.433065504562168,41.71451900000102
0.0569100000000006,0.433065504562168,41.828433000002406
0.0570100000000006,0.433065504562168,41.21650600000066
0.057110000000000605,0.4329974125017023,43.49182999999903
0.05721000000000061,0.4329974125017023,41.55761500000153
0.05731000000000061,0.4331335966226338,42.42973999999958
0.05741000000000061,0.43320168868309955,41.7337320000006
0.057510000000000616,0.4331335966226338,41.70330899999681
0.05761000000000062,0.4331335966226338,43.1127579999993
0.05771000000000062,0.43320168868309955,42.61717800000042
0.057810000000000625,0.43320168868309955,42.10870799999975
0.05791000000000063,0.4332697807435653,41.689438000001246
0.05801000000000063,0.4331335966226338,43.40356499999689
0.05811000000000063,0.43320168868309955,43.42884700000286
0.058210000000000636,0.43320168868309955,43.5314040000012
0.05831000000000064,0.4331335966226338,42.80367599999954
0.05841000000000064,0.4332697807435653,43.50633299999754
0.058510000000000645,0.4334059648644968,43.95540400000027
0.05861000000000065,0.4334059648644968,44.273459
0.05871000000000065,0.4333378728040311,43.05934199999683
0.05881000000000065,0.4334059648644968,43.18566099999953
0.058910000000000656,0.4333378728040311,43.49174100000164
0.05901000000000066,0.43320168868309955,43.35668100000112
0.05911000000000066,0.4331335966226338,44.14280000000144
0.059210000000000665,0.4331335966226338,43.317895000000135
0.05931000000000067,0.4331335966226338,43.667545999996946
0.05941000000000067,0.433065504562168,44.12619199999972
0.059510000000000673,0.4329974125017023,43.67974999999933
0.059610000000000676,0.4329974125017023,43.55035300000236
0.05971000000000068,0.4328612283807708,43.73122499999954
0.05981000000000068,0.43292932044123655,44.16387599999871
0.059910000000000685,0.4328612283807708,43.9342230000002
0.06001000000000069,0.432793136320305,43.65020699999877
0.06011000000000069,0.4328612283807708,43.809229999998934
0.060210000000000694,0.4328612283807708,42.2737879999986
0.060310000000000696,0.43292932044123655,43.635880000001634
0.0604100000000007,0.43292932044123655,43.64603100000022
0.0605100000000007,0.4328612283807708,43.260927000002994
0.060610000000000705,0.4328612283807708,43.82657100000142
0.06071000000000071,0.432793136320305,42.236690000001545
0.06081000000000071,0.4328612283807708,43.112112999999226
0.060910000000000714,0.43292932044123655,43.454115000000456
0.061010000000000716,0.432793136320305,42.6261110000014
0.06111000000000072,0.432793136320305,43.69060099999842
0.06121000000000072,0.432793136320305,43.838496999997005
0.061310000000000725,0.4325888601389078,43.25166099999842
0.06141000000000073,0.43252076807844203,43.31653300000107
0.06151000000000073,0.4325888601389078,42.98779400000058
0.061610000000000734,0.4325888601389078,43.81616999999824
0.061710000000000736,0.43265695219937356,43.44658799999888
0.06181000000000074,0.4325888601389078,43.52224000000206
0.06191000000000074,0.43238458395751056,43.85747199999969
0.062010000000000745,0.4321803077761133,43.85030800000095
0.06211000000000075,0.43211221571564756,46.56036099999983
0.06221000000000075,0.43197603159471604,43.275558999997884
0.062310000000000754,0.43197603159471604,43.608423000001494
0.06241000000000076,0.43197603159471604,43.91142799999943
0.06251000000000076,0.43190793953425033,43.773934000000736
0.06261000000000076,0.43197603159471604,43.546721999999136
0.06271000000000077,0.43197603159471604,44.09163499999704
0.06281000000000077,0.43190793953425033,44.256241999999475
0.06291000000000077,0.43183984747378457,44.0657429999992
0.06301000000000077,0.43183984747378457,43.95831399999952
0.06311000000000078,0.43183984747378457,44.268747999998595
0.06321000000000078,0.43170366335285304,43.735122999998566
0.06331000000000078,0.43170366335285304,43.71272699999827
0.06341000000000079,0.43183984747378457,43.974145000000135
0.06351000000000079,0.4317717554133188,43.99044199999844
0.06361000000000079,0.4317717554133188,43.6966539999994
0.0637100000000008,0.4317717554133188,44.08654699999897
0.0638100000000008,0.4317717554133188,44.2161019999985
0.0639100000000008,0.4317717554133188,43.969818000001396
0.0640100000000008,0.4317717554133188,44.22208099999989
0.0641100000000008,0.4317717554133188,43.856261999997514
0.06421000000000081,0.4317717554133188,43.82904200000121
0.06431000000000081,0.43170366335285304,44.450770999999804
0.06441000000000081,0.43156747923192157,44.09208800000124
0.06451000000000082,0.43163557129238733,43.90824000000066
0.06461000000000082,0.43183984747378457,44.54976300000271
0.06471000000000082,0.43183984747378457,45.90133699999933
0.06481000000000083,0.43190793953425033,44.189046999999846
0.06491000000000083,0.43170366335285304,44.06188299999849
0.06501000000000083,0.43170366335285304,45.3530580000006
0.06511000000000083,0.43156747923192157,42.8468529999991
0.06521000000000084,0.43143129511099004,44.15400099999897
0.06531000000000084,0.43143129511099004,45.17688300000009
0.06541000000000084,0.43143129511099004,45.65921000000162
0.06551000000000085,0.43129511099005857,46.29244800000015
0.06561000000000085,0.43129511099005857,44.705722999999125
0.06571000000000085,0.4312270189295928,46.20816200000263
0.06581000000000085,0.4310908348086613,46.8624009999985
0.06591000000000086,0.4310908348086613,46.583167000000685
0.06601000000000086,0.4310908348086613,46.91019700000106
0.06611000000000086,0.4312270189295928,46.800546000002214
0.06621000000000087,0.4312270189295928,46.623985999998695
0.06631000000000087,0.4312270189295928,46.886876000000484
0.06641000000000087,0.43115892686912705,46.749298999999155
0.06651000000000087,0.4310908348086613,46.85871400000178
0.06661000000000088,0.4310227427481956,44.148488999999245
0.06671000000000088,0.4310227427481956,47.142424999998184
0.06681000000000088,0.4310227427481956,44.123685999999
0.06691000000000089,0.4310227427481956,44.963112999997975
0.06701000000000089,0.4309546506877298,44.68797099999938
0.06711000000000089,0.4308184665667983,47.08745899999849
0.0672100000000009,0.43088655862726405,46.867386999998416
0.0673100000000009,0.4309546506877298,46.94641199999751
0.0674100000000009,0.4309546506877298,43.63125299999956
0.0675100000000009,0.4309546506877298,46.528229999999894
0.0676100000000009,0.4309546506877298,46.351449999998295
0.06771000000000091,0.4310227427481956,44.53171400000065
0.06781000000000091,0.43088655862726405,44.452753000001394
0.06791000000000091,0.4308184665667983,46.82320200000322
0.06801000000000092,0.4308184665667983,47.31387299999915
0.06811000000000092,0.4308184665667983,46.74874700000146
0.06821000000000092,0.4308184665667983,43.93728099999862
0.06831000000000093,0.43088655862726405,42.41081199999826
0.06841000000000093,0.43088655862726405,46.759179000000586
0.06851000000000093,0.4309546506877298,44.37377800000104
0.06861000000000093,0.43088655862726405,44.433624000001146
0.06871000000000094,0.43088655862726405,44.28690500000084
0.06881000000000094,0.4308184665667983,46.821054000000004
0.06891000000000094,0.4308184665667983,47.0041220000021
0.06901000000000095,0.4306822824458668,46.94782599999962
0.06911000000000095,0.4306822824458668,46.39620600000126
0.06921000000000095,0.43088655862726405,46.88126299999931
0.06931000000000095,0.4309546506877298,48.93684099999882
0.06941000000000096,0.4307503745063326,47.00417600000219
0.06951000000000096,0.4306822824458668,47.41570200000206
0.06961000000000096,0.4307503745063326,46.83531000000221
0.06971000000000097,0.4307503745063326,46.49278100000083
0.06981000000000097,0.4308184665667983,46.673800999997184
0.06991000000000097,0.4307503745063326,46.67580199999793
0.07001000000000097,0.4307503745063326,46.374439999999595
0.07011000000000098,0.4308184665667983,46.87933899999916
0.07021000000000098,0.4306822824458668,46.773409999997966
0.07031000000000098,0.4306822824458668,46.77357299999858
0.07041000000000099,0.43061419038540105,46.71418400000039
0.07051000000000099,0.4305460983249353,46.63964499999929
0.07061000000000099,0.4304780062644696,46.69851700000072
0.070710000000001,0.4302737300830723,46.479780999998184
0.070810000000001,0.4301375459621408,46.372245999998995
0.070910000000001,0.43006945390167506,46.35088099999848
0.071010000000001,0.4301375459621408,45.99594600000273
0.071110000000001,0.4300013618412093,45.625576000002184
0.07121000000000101,0.4298651777202778,46.39618899999914
0.07131000000000101,0.4297289935993463,46.93797600000107
0.07141000000000101,0.4297289935993463,46.43321999999898
0.07151000000000102,0.4296609015388806,46.8031289999999
0.07161000000000102,0.4297289935993463,46.51095200000054
0.07171000000000102,0.4296609015388806,46.54988199999934
0.07181000000000103,0.4296609015388806,46.069469999998546
0.07191000000000103,0.4298651777202778,46.242927999999665
0.07201000000000103,0.4299332697807436,46.77737100000013
0.07211000000000103,0.4299332697807436,46.62272099999973
0.07221000000000104,0.4298651777202778,46.086041999999
0.07231000000000104,0.42979708565981206,46.276003999999375
0.07241000000000104,0.4296609015388806,46.61990799999694
0.07251000000000105,0.4296609015388806,46.78276300000289
0.07261000000000105,0.4296609015388806,47.111885999998776
0.07271000000000105,0.4296609015388806,46.64363999999841
0.07281000000000105,0.4295928094784148,46.5116620000008
0.07291000000000106,0.42952471741794906,46.52983200000017
0.07301000000000106,0.4295928094784148,46.57189400000061
0.07311000000000106,0.42952471741794906,46.79581099999996
0.07321000000000107,0.4295928094784148,46.365639999999985
0.07331000000000107,0.42952471741794906,46.39450199999919
0.07341000000000107,0.4294566253574833,46.13151700000162
0.07351000000000107,0.42952471741794906,46.37219699999696
0.07361000000000108,0.42952471741794906,46.56317499999932
0.07371000000000108,0.4294566253574833,46.18999099999928
0.07381000000000108,0.4295928094784148,46.15465700000277
0.07391000000000109,0.4295928094784148,46.33896900000036
0.07401000000000109,0.42952471741794906,46.983016999998654
0.07411000000000109,0.42952471741794906,45.95621100000062
0.0742100000000011,0.4293885332970176,45.763090000000375
0.0743100000000011,0.42925234917608607,46.18657299999904
0.0744100000000011,0.42925234917608607,46.12385799999902
0.0745100000000011,0.4291842571156203,46.29148300000088
0.0746100000000011,0.4291842571156203,46.759313999998994
0.07471000000000111,0.42904807299468883,45.99778299999889
0.07481000000000111,0.42904807299468883,46.16493999999875
0.07491000000000111,0.42897998093422307,46.61785599999712
0.07501000000000112,0.4291842571156203,47.13607799999954
0.07511000000000112,0.4291842571156203,46.99702999999863
0.07521000000000112,0.4291842571156203,46.94438900000023
0.07531000000000113,0.4291842571156203,47.049379000000044
0.07541000000000113,0.4291842571156203,46.835746000000654
0.07551000000000113,0.4291842571156203,46.76681800000006
0.07561000000000113,0.4291842571156203,46.255237000001216
0.07571000000000114,0.4291842571156203,46.63683700000183
0.07581000000000114,0.4291842571156203,46.33399400000053
0.07591000000000114,0.42911616505515454,46.4540960000013
0.07601000000000115,0.42911616505515454,46.21853999999803
0.07611000000000115,0.4291842571156203,46.65612599999804
0.07621000000000115,0.4291842571156203,48.49008599999797
0.07631000000000115,0.42911616505515454,48.78396099999736
1e-06,0.6106495982568433,3.183759999999893
1.1000000000000001e-05,0.607721639656816,4.2478940000000875
2.1000000000000002e-05,0.5846384311589269,4.217530000001716
3.1e-05,0.5823233011030914,4.718563999998878
4.1e-05,0.5792591583821326,5.041283999998996
5.1e-05,0.5742884379681329,5.003897999999026
6.1e-05,0.5680920604657497,5.303267999999662
7.1e-05,0.5633256162331473,5.343949000001885
8.1e-05,0.5620999591447637,5.573490999999194
9.1e-05,0.5616233147215035,5.460348000000522
0.000101,0.5608743020563802,5.633396000001085
0.000111,0.5602614735121885,5.788455999998405
0.000121,0.5597848290889282,5.993669999999838
0.000131,0.5595124608470652,6.26420799999687
0.000141,0.5591720005447365,6.906032999999297
0.000151,0.5588996323028735,6.811491000000387
0.000161,0.5591039084842707,6.475591999998869
0.000171,0.5591039084842707,6.809685000000172
0.000181,0.5584229878796132,6.800708999999188
0.000191,0.5577420672749558,6.790686000000278
0.000201,0.5572654228516954,6.640521999997873
0.000211,0.557129238730764,6.7287169999981415
0.000221,0.5566525943075037,6.75326899999709
0.000231,0.5566525943075037,7.00470199999836
0.000241,0.5562440419447092,7.388675999998668
0.00025100000000000003,0.555495029279586,6.834664000001794
0.00026100000000000006,0.5553588451586545,6.846534000000247
0.0002710000000000001,0.5550864769167915,7.793075999998109
0.0002810000000000001,0.5550864769167915,8.345564000002923
0.00029100000000000013,0.5548822007353943,7.84508199999982
0.00030100000000000016,0.5546098324935312,7.61949100000129
0.0003110000000000002,0.5542012801307368,7.564760999997816
0.0003210000000000002,0.554133188070271,7.634180000000924
0.00033100000000000024,0.554133188070271,7.412969000000885
0.00034100000000000027,0.5533841754051477,7.546461000001727
0.0003510000000000003,0.553316083344682,7.583780999997543
0.0003610000000000003,0.5528394389214217,7.65963499999998
0.00037100000000000034,0.5528394389214217,7.563624999998865
0.00038100000000000037,0.551954242135367,7.720225999997638
1,0.4177447909573744,86.36541299999953
0.0003910000000000004,0.5515456897725726,7.813750000001164
0.0004010000000000004,0.550864769167915,7.541432000001805
0.00041100000000000045,0.5501157565027918,7.840049000002182
0.0004210000000000005,0.5495029279586,7.971089999999094
0.0004310000000000005,0.5488900994144083,8.258866000000125
1e-07,0.6143265695219937,2.445241999997961
1.1e-06,0.6143265695219937,3.369531000000279
2.1000000000000002e-06,0.6143265695219937,3.515800000001036
3.1e-06,0.6143265695219937,3.905212000001484
4.1e-06,0.6143265695219937,4.224683000000368
5.0999999999999995e-06,0.6143265695219937,5.046200000000681
1.5,0.41760860683644285,90.71780800000124
6.099999999999999e-06,0.6143265695219937,4.519078000001173
7.099999999999999e-06,0.6143265695219937,3.907991000000038
8.099999999999999e-06,0.6143265695219937,4.889469999998255
9.1e-06,0.6141222933405965,4.489731999998185
1.01e-05,0.6138499250987335,4.342912000000069
1.11e-05,0.613169004494076,4.143486000000848
1.2100000000000001e-05,0.6105815061963775,4.350172999998904
1.3100000000000002e-05,0.606632166689364,4.381657999998424
1.4100000000000002e-05,0.6024785510009533,4.458273999996891
1.5100000000000003e-05,0.5988696717962686,4.3033289999984845
1.6100000000000002e-05,0.5963502655590358,4.442455000000336
1.7100000000000002e-05,0.5940351355032003,4.618098999999347
1e-08,0.618888737573199,2.4158879999995406
2e-08,0.618888737573199,2.3586599999980535
3.0000000000000004e-08,0.618888737573199,2.3992550000002666
4e-08,0.618888737573199,2.356041000002733
5e-08,0.618888737573199,2.349733000002743
6e-08,0.618888737573199,2.3851620000023104
6.999999999999999e-08,0.618888737573199,2.448975999999675
7.999999999999999e-08,0.618888737573199,2.5313490000007732
8.999999999999999e-08,0.618888737573199,2.4618379999992612
9.999999999999998e-08,0.618888737573199,2.574403999999049
1.0999999999999998e-07,0.618888737573199,2.40248999999676
1.2e-07,0.618888737573199,2.3268129999996745
1.3e-07,0.618888737573199,2.325425000002724
1.4e-07,0.618888737573199,2.28309100000115
1.5000000000000002e-07,0.618888737573199,2.251538000000437
1.6000000000000003e-07,0.618888737573199,2.473971999999776
1.7000000000000004e-07,0.618888737573199,2.447323000000324
1.8000000000000005e-07,0.618888737573199,2.29989900000146
1.9000000000000006e-07,0.618888737573199,2.3697549999997136
2.0000000000000007e-07,0.618888737573199,2.3020120000001043
2.1000000000000008e-07,0.618888737573199,2.3196960000022955
2.200000000000001e-07,0.618888737573199,2.275349000003189
2.300000000000001e-07,0.618888737573199,2.2477969999999914
2.400000000000001e-07,0.618888737573199,2.3290890000025684
2.500000000000001e-07,0.618888737573199,2.3258370000003197
2.600000000000001e-07,0.618888737573199,2.2324269999990065
2.700000000000001e-07,0.618888737573199,2.22095900000204
2.800000000000001e-07,0.618888737573199,2.2786860000014713
2.9000000000000014e-07,0.618888737573199,2.276612000001478
3.0000000000000015e-07,0.618888737573199,2.2006529999998747
3.1000000000000016e-07,0.618888737573199,2.336107000002812
3.2000000000000017e-07,0.618888737573199,2.3349769999986165
3.300000000000002e-07,0.618888737573199,2.306605000001582
3.400000000000002e-07,0.618888737573199,2.2422220000007655
3.500000000000002e-07,0.618888737573199,2.447809999997844
3.600000000000002e-07,0.618888737573199,2.597270000002027
3.700000000000002e-07,0.618888737573199,2.677290000003268
3.800000000000002e-07,0.618888737573199,2.9021759999995993
3.9000000000000024e-07,0.618888737573199,2.6564890000008745
4.0000000000000025e-07,0.618888737573199,2.6235190000006696
4.1000000000000026e-07,0.618888737573199,2.623202000002493
4.2000000000000027e-07,0.618888737573199,2.684846000000107
4.300000000000003e-07,0.618888737573199,2.6945040000027802
4.400000000000003e-07,0.618888737573199,2.6056829999979527
4.500000000000003e-07,0.618888737573199,2.9015440000002855
4.600000000000003e-07,0.618888737573199,2.9349440000005416
4.700000000000003e-07,0.618888737573199,2.8024850000001607
4.800000000000003e-07,0.618888737573199,2.8936780000003637
4.900000000000003e-07,0.618888737573199,2.8396370000009483
5.000000000000003e-07,0.618888737573199,2.8529010000020207
5.100000000000003e-07,0.618888737573199,2.881389999998646
5.200000000000003e-07,0.618888737573199,2.9436639999985346
5.300000000000003e-07,0.618888737573199,2.954352000000654
5.400000000000003e-07,0.618888737573199,2.9018969999997353
5.500000000000003e-07,0.618888737573199,2.947045999997499
5.600000000000004e-07,0.618888737573199,2.8726189999979397
5.700000000000004e-07,0.618888737573199,2.84098300000187
5.800000000000004e-07,0.618888737573199,2.826091999999335
5.900000000000004e-07,0.618888737573199,2.835218000000168
6.000000000000004e-07,0.618888737573199,2.8829010000008566
6.100000000000004e-07,0.618888737573199,2.875704999998561
6.200000000000004e-07,0.618888737573199,2.81699700000172
6.300000000000004e-07,0.618888737573199,2.8594579999989946
6.400000000000004e-07,0.618888737573199,2.864430000001448
6.500000000000004e-07,0.618888737573199,2.7947520000016084
6.600000000000005e-07,0.618888737573199,2.8235860000022512
6.700000000000005e-07,0.618888737573199,2.9076139999997395
6.800000000000005e-07,0.618888737573199,2.8898520000002463
6.900000000000005e-07,0.618888737573199,2.8405060000004596
7.000000000000005e-07,0.618888737573199,2.8589839999985998
7.100000000000005e-07,0.618888737573199,2.7974640000029467
7.200000000000005e-07,0.618888737573199,2.8306850000008126
7.300000000000005e-07,0.618888737573199,2.9761340000004566
7.400000000000005e-07,0.618888737573199,3.1516370000026654
7.500000000000005e-07,0.618888737573199,3.517973999998503
7.600000000000006e-07,0.618888737573199,3.3959759999997914
7.700000000000006e-07,0.618888737573199,3.0867030000008526
7.800000000000006e-07,0.618888737573199,2.7468430000008084
7.900000000000006e-07,0.618888737573199,2.95524099999966
8.000000000000006e-07,0.618888737573199,2.904797999999573
8.100000000000006e-07,0.618888737573199,2.858289000003424
8.200000000000006e-07,0.618888737573199,3.0112999999983003
8.300000000000006e-07,0.618888737573199,3.089288999999553
8.400000000000006e-07,0.618888737573199,3.2965370000019902
8.500000000000006e-07,0.618888737573199,3.430945000000065
8.600000000000007e-07,0.618888737573199,3.1745929999997315
8.700000000000007e-07,0.618888737573199,3.1892530000004626
8.800000000000007e-07,0.618888737573199,2.8686669999988226
8.900000000000007e-07,0.618888737573199,3.2027600000001257
9.000000000000007e-07,0.618888737573199,3.2953660000021046
9.100000000000007e-07,0.618888737573199,3.4082650000018475
9.200000000000007e-07,0.618888737573199,3.343787000001612
9.300000000000007e-07,0.618888737573199,3.362560999998095
9.400000000000007e-07,0.618888737573199,3.4691990000028454
9.500000000000008e-07,0.618888737573199,3.5993190000008326
9.600000000000008e-07,0.618888737573199,3.466194999997242
9.700000000000007e-07,0.618888737573199,3.500223000002734
9.800000000000006e-07,0.618888737573199,3.5381730000008247
9.900000000000005e-07,0.618888737573199,3.3633650000010675
1.0000000000000004e-06,0.618888737573199,3.417728000000352
1.0100000000000003e-06,0.618888737573199,3.2898150000000896
1.0200000000000002e-06,0.618888737573199,3.496248999999807
1.03e-06,0.618888737573199,3.2481169999991835
1.04e-06,0.618888737573199,3.3142559999978403
1.05e-06,0.618888737573199,3.253774999997404
1.0599999999999998e-06,0.618888737573199,3.2258640000000014
1.0699999999999997e-06,0.618888737573199,2.9636780000000726
1.0799999999999996e-06,0.618888737573199,2.973162999998749
1.0899999999999995e-06,0.618888737573199,2.849377000002278
1.0999999999999994e-06,0.618888737573199,3.1008399999991525
1.1099999999999993e-06,0.618888737573199,3.021518000001379
1.1199999999999992e-06,0.618888737573199,2.9958090000000084
1.1299999999999991e-06,0.618888737573199,3.350709000002098
1.139999999999999e-06,0.618888737573199,3.32665199999974
1.149999999999999e-06,0.618888737573199,3.3977300000005926
1.1599999999999988e-06,0.618888737573199,3.4269970000023022
1.1699999999999988e-06,0.618888737573199,3.187433000002784
1.1799999999999987e-06,0.618888737573199,3.13349499999822
1.1899999999999986e-06,0.618888737573199,3.2259589999994205
1.1999999999999985e-06,0.618888737573199,3.9661330000017188
1.2099999999999984e-06,0.618888737573199,3.394806999996945
1.2199999999999983e-06,0.618888737573199,3.4583220000022266
1.2299999999999982e-06,0.618888737573199,3.3908039999987523
1.239999999999998e-06,0.618888737573199,2.965484000000288
1.249999999999998e-06,0.618888737573199,2.899844999999914
1.2599999999999979e-06,0.618888737573199,2.978908999997657
1.2699999999999978e-06,0.618888737573199,2.963793999999325
1.2799999999999977e-06,0.618888737573199,3.285786000000371
1.2899999999999976e-06,0.618888737573199,3.248130999996647
