75000
76800
70000
76800
79680
79680
80500
72000
77500
70000
75000
72500
74880
75000
70000
73920
80000
70000
75000
74999
74880
78720
76800
70000
75000
75000
72500
68400
75000
75000
76800
70000
80000
75000
75000
70000
80000
70000
68500
75000
80000
71000
70000
70000
69000
70000
72500
74250
72000
80000
70000
71040
70000
75000
77500
72000
78000
80000
75000
81000
75000
76800
81600
70000
80000
76800
80000
80000
72500
80000
72000
72500
70000
70000
70000
75000
72000
72000
72000
75000
70000
76250
75000
75000
75000
75000
80000
70000
81000
80000
75000
80000
75000
69388
70000
71040
76800
75000
77500
70000
75000
78000
82500
78000
80000
81600
81600
81600
81600
80000
75000
70000
70000
72500
69500
75000
78000
80000
72000
70000
80000
80000
69500
82560
69500
69500
80000
80000
75000
75000
80000
82500
72500
75000
80000
72000
75000
81600
68400
72000
80000
71000
81600
81000
69000
80000
78000
82500
75000
75000
75000
70000
72500
72500
80000
70000
72500
72000
72500
75000
75000
72000
77500
78000
81000
72000
78000
75000
70000
70000
70000
75000
70000
70000
79200
75000
75000
78000
81000
70800
78000
78000
69500
78000
76800
72000
72500
72500
70000
78000
70000
78000
72000
78000
70000
76800
75000
75000
74000
78000
72000
75000
76800
80200
72000
75000
70000
75000
78000
72500
75000
75000
75000
77500
70000
72500
69000
75000
70000
80000
80000
70000
82000
80000
78000
78000
80400
78000
76800
78000
81000
75000
70000
70000
75000
77500
80000
75000
80000
70000
76800
80000
81000
68500
78000
72000
72000
69120
69120
69120
69120
72960
80000
80000
80000
80000
78000
80000
70000
78000
75000
80000
72500
76800
75600
78720
70000
75000
77500
82500
70080
81600
76800
76800
81600
80000
70500
72000
72000
72000
75000
70000
75000
77500
75000
72500
75000
82608
79200
75000
72500
78000
70000
80000
72000
70000
75000
72000
69600
72000
82500
80000
72000
75000
70000
75000
72500
70000
72500
75000
75000
70000
70000
80000
77500
75000
82500
80000
73000
75000
75000
82500
75000
82500
75000
72000
75000
79200
72000
78000
72000
75000
72000
73040
78000
75000
75000
70000
77500
80000
75000
70000
80000
80000
75000
81600
70000
71000
72500
70000
70000
75000
78000
70000
80000
72500
80000
75000
75000
80000
78000
81600
72000
76800
75000
72500
80000
75000
70000
70000
72000
70000
77400
77500
70000
71000
70000
75000
72500
72500
70500
75000
72500
70000
72500
80000
76800
70000
75000
80000
75000
75000
80000
70000
80000
72500
72000
69000
69600
81930
70000
69120
70000
70000
75600
72500
77500
70000
75000
80000
78000
70000
82000
80000
75000
70800
70000
72000
72000
78000
72000
81600
72000
72000
72000
80000
70000
70096
72500
72499
72000
75000
75000
76800
72000
75000
75500
80000
70000
77500
72480
72480
69000
70000
75000
70000
68900
70000
76800
75000
71520
69600
70000
80000
77500
75000
78000
80000
78000
69000
72500
72000
70000
75000
75000
82500
75000
80640
76800
72000
72000
80000
70000
70000
72500
75000
70000
75600
78000
80000
82500
72500
80000
75000
82500
70000
80000
80000
75000
78000
82500
75000
70000
82500
72500
72500
77500
72000
78000
70000
82500
70000
75000
80000
75000
80000
75600
70000
70000
78000
78000
75000
72500
75000
70000
70000
70000
72500
75000
77500
78000
70000
82500
75000
75000
80000
82500
80000
75000
80000
70000
70000
70000
80000
77500
70000
82500
80000
72500
77500
72500
80000
80000
80000
80000
70000
70000
70000
82500
72000
68500
70000
69600
78000
78500
72480
70000
80000
70000
77500
80000
80000
77500
82500
69823
80407
75000
72500
70000
75000
70000
78000
70000
70000
80000
70000
70000
70000
72500
77500
72000
70000
70000
70000
80000
75000
80000
80000
70000
70000
70000
70000
70000
70000
80000
80000
80000
70000
70000
70000
80000
80000
70000
70000
70000
77500
82642
75500
70000
82500
70000
72000
70000
75000
75000
80000
75000
82500
80000
75000
80000
80000
80000
70000
70000
80000
78000
70800
75000
70000
72500
72500
74250
72500
77500
78000
80000
77500
80000
81600
81600
81600
81600
72000
82500
70000
70000
75000
70000
76800
75000
72500
79200
75600
76800
81600
75000
76800
72000
69600
70000
70000
70000
70000
78000
75000
81600
72000
72000
72000
80000
77500
75000
72480
76800
70000
72500
75000
72500
70000
80000
70000
77000
75000
70000
80000
80000
70000
76488
70000
75000
72500
70000
70000
70000
75000
80000
75000
72000
75000
75000
70000
81600
80000
79000
75000
72500
80000
81500
78000
78000
81000
75600
75000
78000
78000
72000
81600
75000
75000
80000
80000
75000
80000
72000
72000
82500
75000
77500
75000
77500
70000
70000
80000
75000
75000
71040
70000
70000
70000
70000
75000
70000
75000
75000
75000
75000
70000
70000
80000
80000
78000
80000
75000
69120
77500
79000
70000
77500
74400
76800
82500
80000
75600
82500
75000
70000
78000
78000
75000
72500
80000
77490
82500
80000
80000
76800
70080
81600
82500
70000
72500
72960
82500
71040
78000
78000
70000
75000
75000
69000
72500
70000
70000
80640
75000
80000
72500
76800
70000
75000
70000
70000
80000
82500
70000
70000
77500
70000
70000
80000
70000
75000
80000
75000
75000
75000
72500
80000
75000
80000
75000
75000
70000
70000
68400
72000
82500
78000
80000
75000
77500
72500
78000
80000
76800
76800
72500
75000
81000
68400
70000
81600
70000
72500
76800
76800
76800
75600
75600
78000
72000
75000
70000
70000
71040
81600
70000
70000
72500
70000
70000
70000
72000
70000
77500
80400
75000
75000
80000
70000
70000
76800
70000
70000
78000
75000
80000
80000
70000
72000
72500
75000
70000
69000
70000
70800
80000
70000
75000
70000
70000
72500
80000
70000
80000
77770
75000
78000
75000
77500
75000
81000
70000
78000
74880
80000
72000
82500
70000
75000
72500
70000
70000
75600
75000
80000
70000
77760
80000
80000
81000
72000
78000
82800
70000
80000
72500
72500
72500
70000
74400
70000
72000
70000
74880
76800
69000
75000
74400
71520
70000
75000
82500
72000
73920
73920
69120
69120
78000
72000
75000
70000
69500
70000
75000
80000
75000
72000
70000
80000
75000
72500
70000
70000
75000
70000
72500
70000
74250
70000
72000
80000
71040
70000
75000
72500
72000
75000
80000
77640
70000
74000
70000
70000
70000
80000
75000
80000
75000
70000
80000
80000
78000
79000
70000
70000
80000
75000
82500
72000
70000
80000
70000
77500
77137
75000
72000
78720
70000
70000
75000
75000
69000
82500
78000
72500
70000
77500
75000
82500
75000
80000
70000
75000
72000
69500
75000
70000
80000
70000
72500
70000
77500
81000
70000
75000
77760
72960
72000
72000
70000
72500
75000
70000
70000
70000
81000
82500
72000
82500
80000
80000
76800
78000
70000
82500
68640
77933
75000
68640
68640
68640
72600
68640
70000
80000
75000
70080
72000
70080
70080
70080
72000
72000
72000
75000
72364
70000
77500
75000
80000
69120
72000
72000
82500
82500
78000
75000
75000
80000
78600
76800
75000
70000
72500
70000
70000
72000
75000
75000
80000
70000
70000
70000
80000
80000
75000
70000
80000
70000
80000
70000
70000
75000
80000
70000
70000
80000
80000
78000
70200
70000
70000
72500
70000
70000
72000
72073
75000
79200
72000
75000
81600
70000
75000
70000
69206
72000
72500
82500
78000
78000
78000
75000
78000
80000
70000
75600
72500
72500
80000
75000
72000
81000
81600
72500
70000
80000
70000
75000
75000
78000
75000
73500
82500
70000
73000
72000
72000
69214
76905
69000
82500
73200
69000
75500
72000
72000
82500
80000
72000
74400
76896
75000
81000
70000
72000
70000
72960
75000
75000
70000
72500
72000
78000
80000
82500
70000
72500
75000
80000
70000
70000
79200
72000
70000
77500
78000
75000
82800
69600
77500
74000
72000
75000
75000
75000
75000
75000
75000
70000
72500
75000
70000
80000
72000
80000
75000
75000
75000
82500
80000
82500
80000
72500
78000
78000
74000
77000
70000
77500
70000
72000
81000
70000
72500
80000
75000
80000
74000
76500
79200
73800
78000
70000
77500
72500
80000
72000
75000
72000
80000
75000
70000
80000
81600
70000
70000
75360
70000
72500
70000
76800
68400
78000
70000
75000
81000
75600
75000
70000
72500
70000
70000
75600
70000
76800
70000
75000
75000
70000
78000
75000
82500
82500
72000
78000
70000
77500
78000
80000
70000
68640
75000
69600
75000
75000
72000
72000
82000
81763
70000
70000
80000
80000
80000
80000
75564
81505
75000
75000
72500
80000
72000
75000
80000
77760
77760
70000
70000
70000
70000
70000
72500
72000
70000
68750
81600
77500
72500
70000
82500
70000
81000
80000
80000
80000
80000
76800
68400
75000
70000
75000
80000
73920
72500
81600
75000
78720
76800
73920
80000
73920
73920
76000
77760
81600
72000
70080
72000
72000
72000
72000
72000
72000
72000
72000
72000
72000
72000
72000
72000
72000
76800
72000
72000
72000
72000
76800
72000
72000
72000
72000
76800
81600
79680
82500
82500
82500
82500
82500
82500
82500
82500
70000
73920
73920
82500
72000
82500
80000
82500
76800
82500
81000
72600
75000
82500
80000
72500
75000
80000
72600
72500
70000
70000
69500
80000
72600
75000
70000
80000
72500
74000
80000
81180
68524
72600
77880
72500
77500
70000
69696
68640
68640
80000
80000
80000
68850
73920
72600
75000
79200
81250
72500
79200
80000
80750
79332
69960
80000
70000
80000
70000
72960
72500
82500
80000
72000
73000
70000
70000
71040
69500
68500
70000
75000
70000
70000
73500
72000
75000
75000
75000
75000
80000
82500
75000
70000
70000
70000
75000
75000
68500
81000
78960
70000
77500
81600
81600
80400
81600
70000
78000
72500
80000
82500
80000
78000
70000
80000
72000
81600
72000
72500
78000
72000
77000
78000
73800
75000
80000
72000
77500
72000
72500
78000
77500
76800
70000
73000
77500
70000
70000
80000
70000
70000
70000
70000
75600
81600
70000
73200
80000
80000
70000
80000
72000
75000
68400
69600
70000
75000
78000
78000
75000
78000
70000
77500
72000
72000
70000
72500
72500
70000
72000
75000
75000
80000
72000
70000
69120
77500
70000
71000
72500
72500
72000
78000
77500
72600
75000
78000
75000
75600
72500
72000
70000
70800
70000
70000
72500
78000
72500
70000
75000
70000
70800
80640
80640
72000
77500
82500
70000
70000
70000
81000
75000
72000
70000
78000
78000
75000
72000
75000
82500
75000
75000
72000
77500
72500
72500
75000
78000
68640
70000
77500
70000
80000
70000
75000
72500
70000
70000
72000
80000
80000
80000
72960
80000
72500
71040
72500
75000
72000
72500
70000
70000
72500
82500
80000
82500
75000
75000
70000
72000
70000
77500
75000
70000
80000
75000
72000
70000
82500
69000
70000
77500
70000
82500
72000
72500
82500
69000
72000
70000
80000
80000
72120
73200
75000
70800
82500
72000
72500
75000
75000
70000
70000
75000
80000
80000
69000
70000
70000
72500
75000
72000
82500
80000
70000
80000
70000
80000
78000
70000
72500
70000
80000
75000
77499
75000
70000
72500
70000
82500
75000
75000
70000
72000
77500
70000
77500
75000
75000
80000
77500
70000
70000
75000
75000
80000
78000
72500
72500
70000
75000
70000
80000
77500
80000
75000
75000
70000
80000
80000
69000
75000
80000
72500
70000
68400
76800
75000
77500
72500
76800
72000
80000
80000
72576
80000
82500
72500
71000
77500
80000
75000
70000
75000
72000
80000
80000
72500
80000
78000
70000
74500
69600
77500
82500
69000
75000
76800
78000
80000
75000
81600
81000
70000
75000
82500
72500
81600
78720
81000
72500
80000
70000
73200
70000
75000
75000
73200
72000
75000
75000
70000
75000
71000
70000
70500
69000
80000
75000
75000
74400
77500
70000
75000
82500
78000
69600
70000
78000
70000
76800
75000
77500
76320
80000
80000
79200
75000
81600
70000
81000
75000
75000
75000
75000
75000
78000
77500
75000
72500
68500
72120
70000
80000
77500
75000
70000
78000
70000
75000
78000
70000
72000
70000
70000
78000
75000
77500
70000
80000
70800
70000
70000
70000
70000
70000
70000
75000
76800
70000
70000
70000
74400
70000
80000
70000
75000
70000
72000
77500
75000
69000
75000
72500
73800
70000
70000
70000
72960
71040
68400
70000
75000
70000
78600
80000
82500
77500
75000
77500
70000
70000
70000
70000
80000
80000
72500
72500
72500
72500
72500
70000
77500
81000
78000
76800
72000
75000
75000
74880
75000
70000
75000
80000
82500
75000
75000
70000
75000
70500
80000
80000
75000
75000
70000
78500
80000
82500
75000
72000
76800
79200
75000
70000
70000
72000
77500
81600
82500
75000
80000
76800
76800
76800
70000
70000
72500
75000
74504
74504
71213
71022
80000
70000
70000
72500
72500
78000
80000
70000
70000
70000
70000
70000
80000
75000
75000
80000
80000
70000
80000
72500
70000
72500
80000
77500
77500
77500
70000
80000
75000
75000
75000
77500
70000
82500
70000
72500
82500
78000
80000
77500
72500
80000
70000
72500
76800
69120
80000
81600
75000
70000
70000
70000
72099
72099
72099
75000
80000
72500
82500
75000
76800
77500
75000
70000
80000
72000
77500
80000
78000
78000
78000
75000
77500
80000
72500
72500
80000
70000
72500
70000
75000
78000
69000
78000
75000
72500
72500
70000
70000
72000
68500
69000
68500
70000
70000
80000
75000
75000
72000
69120
69120
69120
69120
75000
80000
80000
75000
70000
70000
81000
70000
75000
72000
72500
77500
70000
73800
81000
72000
68500
75000
70000
80000
80000
75000
75000
70000
80000
75000
80000
70000
70000
70000
80000
75000
70000
70000
75000
75000
75000
81000
75000
80000
80000
75000
80000
70000
70000
70000
70000
70000
70000
70000
70000
70000
70000
70000
70000
75000
75000
75000
75000
70000
80000
70000
70000
70000
70000
80000
80000
70000
75000
75000
80000
80000
75000
70000
75000
70000
70000
80000
70000
70000
75000
70000
76000
75000
75000
70000
70000
70000
70000
72000
70000
70000
75000
70000
80000
70000
80000
70000
75000
70000
70000
80000
75000
70000
70000
70000
70000
75000
75000
75000
80000
80000
75000
70000
75000
70000
70000
70000
76000
70000
79200
75600
75600
75600
72000
78000
81600
70000
70000
72500
74880
78000
70000
75000
70000
80000
80000
75000
69500
80000
79500
75000
77500
80000
70000
75000
75000
72500
75000
75000
77500
80000
70000
72960
76800
70000
75000
72000
76800
72000
70000
77500
73920
73920
76000
72000
72500
70000
70000
72500
75000
70000
75000
80000
80000
70000
72000
72500
75000
77500
73000
80000
80000
72500
79200
78000
70000
70000
70000
80500
70000
72000
75000
75000
75000
75000
75000
72915
77500
72000
76800
70000
72500
80000
75000
71040
75000
78720
75000
80000
75000
70000
81600
81600
75000
75000
75000
75850
70000
72000
75000
72500
72000
81600
70000
76000
80640
74880
81600
79680
70080
79788
79878
70000
70000
80500
82875
70000
72000
81000
78000
70000
75000
79200
72000
72000
80000
78000
72000
77500
72000
69000
80000
72500
78500
80000
72500
72000
75000
70000
72000
79200
77328
68400
75000
78000
78720
69000
72000
75000
70000
75000
71250
72000
72000
68500
82500
72500
78000
81000
72500
75000
75600
75600
77500
81720
77500
72500
72000
75000
76000
73000
81000
75000
70000
70000
70000
75000
80000
70000
70000
71000
75000
75000
70000
72000
77500
70000
78000
78000
70000
82112
82500
78000
69000
80000
69120
70000
70000
70000
70000
70000
72500
81000
80000
75000
70000
75000
72500
78000
82500
72500
75000
68400
70000
80000
70000
70000
72000
70000
78000
76905
70000
75000
70000
75000
75000
75000
70000
80000
72500
72500
75000
72000
72000
70000
78000
70000
81712
69000
72000
70000
72500
82500
70000
80000
70000
80000
77500
77500
75000
72500
77500
70000
77040
77500
70000
72500
71000
80000
78000
78000
68500
75000
70000
81926
72000
81000
75600
70000
68500
75000
70000
78000
69000
72000
77500
70000
74880
80110
80880
70000
77500
72500
72000
72500
78000
70000
75000
70000
80000
75000
75000
81000
78000
72500
70000
70000
78000
78000
70000
80000
78000
78000
75000
70000
75000
70000
82500
80000
70000
82500
80000
76500
80000
82500
80000
81000
75000
70000
81000
80000
82500
75000
72500
82500
80000
80000
70000
70000
77500
72500
70000
70000
82750
70000
74500
70000
72500
70000
80400
70000
70000
70000
77500
72500
72500
72000
80000
68500
70000
75000
70000
70000
80000
75000
75000
75000
70000
80000
70000
70000
75000
74400
75000
75000
77500
78000
80000
70000
78000
70000
82500
82500
75000
82500
75000
75000
75000
70000
80000
70000
72500
70000
80000
80000
72500
75000
77500
75000
82500
77500
75000
70000
78000
80000
75000
80000
75000
68400
72000
72500
75000
81600
75000
70000
81600
72000
75000
70080
75000
74880
71040
75840
72000
80000
77500
68400
76800
81600
78000
78000
82500
70080
81600
77500
76800
72000
72500
82500
69600
70000
80000
75000
70000
75000
75000
72500
70000
75000
77500
80000
80000
78000
75000
75000
72500
75000
70000
70000
80000
75000
77500
70000
70000
70000
75000
72500
77500
69120
73920
75000
81600
75000
77500
75000
72000
82500
72500
80000
77500
69300
72500
68750
70000
68750
75000
68750
82500
77500
75000
79200
80000
75000
80000
70000
75000
80000
80000
68500
77500
82500
77500
80000
72500
70000
80000
75000
80000
80000
78500
82500
82500
82500
82500
72600
79200
75000
80000
75000
82500
75000
70000
70000
80000
70000
80000
70000
75000
73661
70000
77500
72950
82500
77400
75000
72000
72500
70000
80000
75000
70000
70000
80000
77500
75000
78000
80000
80000
69960
82500
82875
82500
81600
75600
81000
70000
80000
70000
77500
78000
80000
75000
70000
82500
82500
82500
80000
82500
74400
75000
77500
80000
70000
72000
72500
75000
82500
75000
78000
70000
77040
72500
75000
80000
69132
82500
70000
75000
72000
74400
75000
72000
78000
70000
81600
72000
72000
73800
80000
81600
72000
72500
75000
82500
72000
78000
70000
75000
70000
72500
75000
77500
77000
75000
70000
80000
72480
75000
75000
70000
72500
70000
70000
70000
70400
80000
70000
82500
82500
82500
82500
80000
75000
75000
75000
82500
75000
77500
82500
75000
75000
71040
77500
70000
72500
82500
82500
82500
79000
78500
77500
74400
75000
75000
70000
82500
70000
77500
82500
77500
80000
72000
72500
75000
80000
70000
75000
77500
75000
69000
75000
75000
75000
70000
75000
82500
72500
76000
70000
72000
75000
72500
70000
77500
81000
73000
70000
72000
70000
75000
72500
70000
80000
70000
78000
75000
78000
70000
70000
80000
70000
80000
71040
72960
82500
75000
72000
75000
75000
80000
70000
75000
70000
78000
78000
77500
74400
68400
70000
77500
72500
76800
72500
75000
82560
77500
82500
72000
75600
80000
75000
69120
76800
76800
80000
75000
75000
77500
81000
79800
78000
76800
75000
72500
75000
80000
80000
75000
78000
75600
70000
70000
70000
69000
70000
70000
80000
78000
80000
70000
80000
80000
75000
75600
75000
80000
75000
72000
78000
78000
78000
78000
78000
80000
80000
75000
70000
82500
82500
70000
75000
72000
80000
75000
75000
77500
70000
76800
75000
72000
80000
70000
80000
70000
75000
70000
70000
70000
70000
70000
75000
69000
75000
70000
80000
70000
75000
75000
70000
75000
75000
70000
80000
80000
70000
75000
75000
75000
70000
80000
70000
70000
74880
75000
75000
80000
70000
75000
71500
75000
75000
70000
80000
72000
70000
70000
80000
80000
75000
78500
75000
80500
80000
70000
72500
72500
80000
72500
70000
75000
77500
70000
75000
78720
72500
70000
72500
75000
80000
75000
72000
80000
75000
82500
80000
71000
80000
75000
69000
75000
80000
82500
74400
80000
75000
75000
75000
75000
75000
78000
72000
78000
77500
73500
70000
75000
75600
69000
80400
72150
72500
82500
82500
80000
80000
80000
82500
80000
80000
78000
78000
70000
71000
77500
75000
78000
72000
82500
77500
72500
70500
72000
75000
70500
75000
72000
72500
74400
75000
80000
72500
68500
79800
75000
80000
77001
75000
69694
80400
78000
70000
70200
81000
71000
81000
82800
72098
75600
70000
72000
72098
81000
70000
78000
73200
77500
78000
75000
75000
75000
82500
75000
81750
70000
75000
72500
80000
70000
72099
72500
72000
70000
75000
77500
72000
72960
77500
75000
76500
80000
75000
82500
75000
72500
70000
70000
70000
77500
77000
70000
78000
69120
69120
78720
69120
80000
77500
70000
80000
70000
78000
78000
80000
73920
75000
77500
70000
75000
70000
70000
70000
70000
70000
80000
82500
69120
74880
70080
75000
76800
76000
76800
70000
78720
76800
71250
72600
75000
75000
77500
75000
74400
75000
70000
75000
70400
75000
70000
70000
80000
75000
70000
68500
72000
70400
70000
69000
80000
75120
74500
70000
73500
70000
70000
70000
72960
80000
75000
70000
82500
77500
75000
70000
75000
80000
70000
69000
81600
77500
74400
72000
80000
75000
80500
68640
69300
72500
80000
72600
70000
75000
70000
72500
75000
80000
75000
70000
70000
75000
72000
72500
76800
72500
70000
72500
77500
75600
72500
75000
77500
70000
75000
78750
77500
70000
70000
75000
75000
69000
70000
75000
72000
75000
75000
68500
78000
72500
80000
76800
72000
78500
81600
75600
72000
72000
76800
82500
77500
72000
70000
80000
70000
71875
70800
72500
75000
75000
82500
78000
77500
80000
72000
82500
70000
77500
72000
77500
70000
70000
69000
75000
76800
70000
80000
75000
70000
72480
72480
80000
70000
70000
70000
75000
69500
80000
80000
77500
77500
75000
80000
80000
70000
80000
70000
76000
70000
75000
75000
75000
75000
80000
72000
70000
72500
75000
82500
80000
72500
75000
75000
81600
75000
75000
77500
72500
82500
78000
75000
72500
82500
74000
72000
70000
73920
74400
76800
75000
80000
82500
78000
80000
75000
80000
78000
75600
78000
78000
72000
76800
80500
72500
70000
75000
75000
75600
69000
72000
69000
70000
72500
73200
69600
72000
72000
80640
70000
70000
70000
72000
77500
69120
69120
69120
69120
80000
80000
70000
70000
76800
78000
70000
75000
78000
80600
80600
81600
70000
75000
75840
76800
78000
75000
81750
77500
80000
78000
78000
78000
78000
75000
77500
75000
75000
80000
75000
80000
72600
75000
74400
74400
72000
73800
81600
75000
72500
70000
70000
72600
72000
72000
72000
68400
70000
72500
76800
68400
75000
78000
78000
80000
72120
78000
75000
75000
72000
75000
78000
75000
74400
74400
70000
76800
70000
70000
75000
70000
70000
70000
70000
75000
80000
70000
75000
70000
75000
75000
75000
70000
75000
75000
70000
70000
75000
70000
70000
70000
78000
75000
78000
72500
70000
70000
70000
72000
70000
70000
73200
72000
70000
68500
75000
75000
72500
70000
70000
72500
70000
75000
69000
75000
75000
70000
80000
77500
70000
70500
70000
82500
81600
77500
72500
80000
78000
70000
72000
70000
80366
70000
74400
70000
82500
72000
80000
80000
70000
81000
81600
69600
75000
72000
70000
68700
80000
70000
80000
82500
75000
76800
76800
76800
72000
82500
70000
70000
80000
70000
71040
75000
80000
77500
78000
72500
70000
73200
80400
75000
72000
72500
70000
70000
72000
75000
72500
72500
72500
70000
75000
82800
70000
80000
75000
78000
75000
70000
69000
78000
70000
70000
74400
69000
80000
74880
80000
68400
72500
75000
72000
76800
73500
72500
72500
78000
70000
78720
80000
70000
70000
75000
70000
70000
69465
70080
80000
75000
75000
75000
77500
70000
72000
72500
80000
70000
70000
75000
80000
70000
72500
75000
75000
80640
80000
75000
82500
82080
70000
70000
70000
71700
72000
76800
76800
81000
70000
73920
78000
75000
69600
80000
75000
79500
76800
75000
80000
75000
79000
80000
80000
75000
75000
80000
75000
70000
75000
75000
70000
70000
80000
70000
75000
75000
70000
75000
80000
80000
80000
75000
70000
70000
70000
80000
75000
70000
70000
80000
70000
75000
70000
75000
80000
75000
70000
70000
80000
72500
70000
82500
72500
72500
70000
80000
70000
80000
80000
80000
72950
70000
70000
80000
75000
72000
70000
77500
72000
79200
75000
75000
70000
82800
78720
74500
72500
70000
75000
68400
70000
76800
72000
80000
70000
75000
77500
74000
78500
70000
80000
70000
71040
72500
77500
76800
80000
70000
75000
80000
80000
80000
70000
75000
72000
79680
72000
76800
71040
72500
75000
72000
77500
80000
75000
77500
75000
77500
75000
75000
80000
77500
76800
76800
72000
72000
76800
82500
77500
80000
72000
70000
70000
80000
73920
70000
70000
72000
69600
78000
78000
75000
80000
72500
72500
80000
72000
70000
70000
70000
80000
69000
72000
80000
70000
75000
80000
72500
72500
72000
75000
75000
75000
75000
75000
70000
81360
70000
82500
69000
80000
80000
81600
70000
78000
70000
70000
70000
72000
72000
70080
70080
75000
70000
81000
77500
70000
70000
70000
70000
72500
75000
72500
82500
75000
70000
72000
69120
75000
72500
76800
72000
72500
69000
72000
75000
80000
70000
70000
70000
70000
80000
81900
75000
75000
72500
78000
68400
70000
72000
75000
70000
78000
78000
75000
73800
72000
79680
68400
69600
75000
72000
70000
72500
72500
78240
76800
76800
79200
70000
72500
77500
75000
75000
69000
70000
75000
70000
70000
80000
70000
70000
75000
80000
70000
70000
80000
80000
75000
70000
70000
80000
75000
80000
80000
80000
75000
70000
70000
75000
70000
70000
70000
70000
70000
78000
70000
78000
70000
72000
81000
70000
75000
74500
70000
75000
80000
70000
70000
70000
70000
70000
80000
70000
70000
77500
74000
80000
80000
80000
75000
70000
75000
75000
75000
75000
75000
75000
76800
80000
81600
73500
72000
70000
80000
80000
81600
72000
69600
75000
75000
70000
70000
70000
72000
80000
77500
75000
75000
82500
72500
80000
82500
77500
82500
77500
72500
70000
72000
80000
72000
75000
69600
80000
82500
82500
75000
75000
70000
80000
70000
71040
72000
74880
70080
69292
80000
76800
70000
77500
70000
70000
72500
78240
75000
70000
75000
77500
70000
80000
80000
70000
80000
82500
80000
70000
76800
80000
75000
82500
75000
70000
72500
72000
80000
72576
72500
70000
77500
70000
71040
75000
75000
70000
80000
75000
70000
75600
72500
70000
72000
78000
72500
70000
70000
70000
72576
80000
70000
72500
72500
70000
80000
80000
80000
70000
75000
80000
77500
70000
80000
80000
72000
70000
76800
82500
80000
80000
80000
80000
69100
74999
75000
80000
70000
75000
80000
70000
76000
70000
75000
80000
80000
70000
80000
72960
72500
72500
70000
80000
75000
70000
80000
70000
70000
71400
75000
82800
72000
78000
82500
70000
75000
70000
70000
80000
80000
70000
70000
75000
70000
80000
70000
80000
75000
70000
75000
75000
75000
70000
70000
70000
75000
70000
70000
79200
80000
80000
75000
75000
74880
71400
70000
72500
70000
80000
80000
75000
80000
80000
82500
75000
70000
75000
72000
82500
75000
77500
75000
75000
75000
72000
73920
70000
70800
75000
71400
70000
75000
70000
72500
72500
76800
72000
70000
75000
77500
78000
76800
81600
72000
78000
75000
80000
80000
75000
80000
70000
82500
70000
75000
80000
77500
82500
78000
70000
81600
82500
80000
70000
78000
68400
80400
75000
72500
80000
77500
78000
80000
70000
80000
77500
76800
75000
72500
80000
75000
75000
78000
70000
70000
70000
77500
77500
80000
70000
70000
72000
70000
74400
75000
79200
77500
78000
70000
77500
69120
70000
80000
80000
75000
72500
70000
82500
77500
80000
70000
70000
72500
75000
80366
80366
70000
70000
75000
81000
70000
70000
74400
75000
70000
69120
75000
79680
77500
70000
70000
76176
70000
75000
75000
78000
75000
70000
75000
70000
70000
80000
69172
75000
70000
70000
72500
78000
75000
77500
72500
80000
69172
75000
75000
75000
81000
72000
72500
75000
72500
75000
69172
69172
77500
80000
80000
70000
75000
80000
80000
75000
75000
72000
70000
77760
75000
77500
75840
81600
72000
70000
70080
81600
76800
78000
70000
80000
75000
75000
75000
80000
72960
81600
75840
80000
70000
76800
76050
74500
76500
69960
79500
78000
80000
75000
70000
70000
80000
70000
75000
70000
80000
70000
75000
70000
73000
78000
81600
77500
82500
75000
75000
72500
70000
75000
70000
75000
72000
82500
70000
72500
75000
82500
75000
70000
82500
70000
78000
70000
82500
77500
75000
74000
80000
75000
80280
80400
77500
78000
72000
78000
75600
70000
70000
70000
70000
75000
72000
68400
70000
76800
81600
71040
69120
80000
82500
82500
70000
70000
80000
72500
69600
72000
69600
75000
75000
80000
75000
70000
80000
70000
75000
70800
69600
69600
81000
82500
82080
75000
70000
70000
70000
70000
70000
70000
76000
75000
71000
75000
70000
70000
80000
70000
75000
70000
75000
70000
72000
70000
80000
75000
70000
80000
73000
70000
80000
75000
70000
70000
70000
80000
75000
70000
75000
81000
70000
70000
80000
75000
70000
70000
78000
75000
81600
75000
71745
76800
75000
72500
78000
70000
80000
77500
82500
70000
70000
80000
77500
75000
69172
69172
69172
74478
77500
78000
75000
75000
70000
81600
70000
70000
72500
70000
70000
72000
82500
75500
77500
79200
80000
75000
70000
79200
80000
72500
78000
72000
72000
77582
80000
78000
70000
72000
70000
72500
78000
70000
78000
78000
72000
69600
82500
80000
73200
72000
75000
70000
76800
70000
81000
72000
72500
72500
78000
80000
75000
69600
76800
80500
79200
78720
75000
75000
75000
70000
80000
80000
70000
70000
80000
70500
75000
80000
80000
75000
79000
70000
80000
70000
70000
82000
75000
80121
70000
78000
72500
70000
81000
80400
71000
76104
70000
70000
74022
72000
75000
72000
75000
72240
79709
75000
82500
72000
81000
78000
78000
70000
77867
70800
75000
80000
72098
74400
75000
80000
80000
72500
75000
70000
72500
70000
72000
80000
82500
75000
73040
81600
80000
82500
70000
70000
77500
77500
77500
80000
75000
75000
77500
75000
70000
82500
75000
76500
74000
80000
75000
77500
76800
80000
70000
77500
82500
80000
75840
81000
70000
77500
80000
72500
74500
70000
78000
78000
80000
75000
70000
71500
82500
78000
70000
75000
76500
70000
75000
69000
74000
78000
78000
74500
72500
77500
72500
75000
80000
77500
75000
72500
70000
75000
80000
80000
70000
75000
80000
70000
70000
78000
75000
78000
72500
78000
70000
78000
75000
79500
70000
82500
79402
70000
70000
75000
80000
73000
80000
75000
77500
72500
70000
80000
77068
73056
73056
68371
70000
77500
75000
70000
70000
75000
70000
80000
70000
80000
75000
76800
68371
74999
74999
74999
74999
74999
74999
74999
74999
74999
74999
74999
74999
74999
74999
74999
80000
80000
75000
70000
80000
75000
70000
70000
69120
80000
70000
72500
80500
80000
80000
75000
75000
70000
69000
70000
74999
74999
74999
74999
74999
74999
74999
74999
74999
74999
74999
72500
75000
70140
77500
79680
72000
76800
81600
72000
72500
76800
72500
77500
80000
69000
82500
70000
75000
70000
72500
77500
75000
69600
72000
82500
75600
70000
78000
73200
80000
72500
80500
81000
70000
70000
72000
70000
78000
70000
69000
69600
72500
80000
70800
75000
70000
72500
72500
70000
70000
75000
70000
80000
70000
80000
75000
69000
70000
75000
76800
80000
80000
80000
70000
70000
81000
72000
72000
75000
75000
69172
69172
76800
70000
80000
70000
75000
70000
70000
70000
77500
72500
70000
82500
77500
72000
72000
72000
70000
75000
70000
69600
69600
81600
81000
78000
77500
75000
70000
72500
71530
80000
74400
75000
72960
72000
80000
81000
80000
80000
75000
78000
72000
78000
75000
74500
72000
73200
75000
75000
72000
72000
68500
68400
70000
70000
70000
75000
75000
70000
70000
75000
72000
70000
70000
77500
77500
80000
82500
75000
70000
70000
78000
70000
80000
70000
70000
70000
70000
74100
70000
80000
70000
75000
80000
80000
81000
72000
76800
78000
78000
72960
80000
76104
70000
81500
72000
70000
75000
72500
82500
75000
78000
80000
75000
77500
75000
76800
70000
70000
80400
70000
75000
75000
75000
80000
70000
80000
80000
81000
80000
75000
80000
70000
80000
75000
70000
70000
75000
76000
75000
69000
80000
70000
70000
80000
75000
69000
80000
75000
81600
80000
79000
70000
70000
80366
74500
72500
75000
72000
72500
75000
72000
75000
70000
75000
80000
68500
70000
76800
76800
75000
70000
80000
69999
70000
70000
72000
76500
75000
70000
77500
70000
70500
80000
77500
82500
80000
75000
75000
70800
77000
76000
81000
77000
76500
80250
75000
69000
72500
75000
75000
75000
74500
81500
74500
80000
75000
70000
70000
81000
78000
81000
72500
70000
78000
78000
70000
70000
75000
82500
75000
75000
77500
75000
73500
75600
75000
70000
80000
72500
70000
70000
71000
75000
80000
78000
80000
75000
80000
72000
78000
81600
72500
68500
80000
75000
75000
70000
80000
78000
80640
82500
76104
69120
72000
78000
77500
72500
74400
74400
75000
78000
75000
70500
72000
72500
75000
72500
75000
75000
80000
72000
75000
69600
70000
74000
70000
75000
70000
75000
72500
77500
70000
70000
78000
80000
70000
75000
81600
72000
72500
80000
70000
70000
75600
78000
75000
70000
78000
78000
75000
80000
80000
77500
78000
70000
76800
73920
70000
70000
75000
70000
75000
70000
76500
72500
82500
80000
80000
70000
75000
70000
76000
70000
74999
72500
75000
82500
70000
70000
70000
82500
77500
72500
82500
75000
75000
70000
77500
80000
82500
75000
74999
74999
75000
73920
77500
70000
79200
82500
77500
72600
70000
70000
72500
70000
70000
78720
78000
80000
75000
75000
70000
77500
72500
75000
72500
75000
70000
80000
72500
70000
75000
80000
72500
80000
72000
80000
80000
80000
75000
72500
80000
69172
75000
72000
72000
68500
70000
80000
76800
70000
75000
72500
80000
70000
75000
75000
72500
72500
68400
72000
70000
75000
80000
80000
69000
70000
80000
70000
77607
70000
80640
70000
80000
80000
72500
75000
75000
70000
70000
80000
72500
72500
75000
75000
80000
80000
69172
69172
69600
80000
69172
75000
68400
72500
82500
75000
82500
70000
70000
80000
80000
80000
82500
75000
70000
82500
77500
80000
76800
76320
75000
80000
72500
77500
70000
72000
77500
75000
79200
80000
70000
80000
75000
72500
70000
75000
82500
73500
76800
79680
76800
69120
80000
80000
80000
70000
78000
75600
70000
75000
70000
70000
75600
72500
70800
71400
73800
70000
75000
72000
72000
70000
70000
76800
77500
80000
75000
80000
80000
75000
75000
75000
75000
70000
81600
72000
72000
78000
78000
76700
70000
76800
75000
76800
72000
81600
80400
74400
72000
72500
70000
72000
77500
72500
75000
77500
70000
70000
75000
80000
78000
75000
77500
73783
72000
70000
70000
70000
70000
80000
75000
70000
70000
75000
75000
80000
75000
80000
70000
80000
80000
70000
75000
70000
80000
75000
75000
80000
70000
70000
75000
70000
80000
70000
72000
72500
77400
74400
77500
72000
78000
80000
75000
75000
68400
72000
70000
72000
81600
72000
75000
75000
72500
75000
76800
70000
80750
75000
79200
80000
75000
76800
72120
78000
82800
72000
77500
70000
80400
73920
70000
70000
77500
76500
72500
77500
72500
75000
72500
72500
70000
79200
69120
72182
72500
70000
75000
80000
81712
75000
78000
75000
70000
70000
69000
80000
82500
77500
75000
75600
74880
70000
79000
72000
77500
75000
70000
70000
74880
81600
72000
80000
72000
70000
70000
70000
80000
70000
70000
72500
77500
76800
80000
77500
70000
77500
76905
75000
70000
72500
75000
82800
72500
75000
81600
77500
78000
78000
74400
72000
70000
72500
72000
70000
75000
70000
70000
75000
80500
70000
72500
72500
80000
72000
80500
80000
80000
80000
72000
75000
82500
68400
75000
77500
77500
75000
70000
75000
70000
78000
70000
75000
75000
80000
72000
82500
80000
72500
70000
72576
75000
81000
75000
80000
78000
72500
72500
81600
78000
70000
70000
75000
75000
70000
75000
76200
70000
80000
70000
70080
72000
76800
76800
76000
75000
75000
75000
75000
75000
75000
82500
71040
70000
76800
70000
72000
70000
82500
75000
68500
70000
72000
78500
75000
75000
77500
78000
77500
68688
72500
74999
72500
77350
70000
80000
80000
80000
75000
80000
76450
70000
77500
70625
76800
72500
72000
70000
75000
77500
75000
75000
75000
75000
75000
75000
75000
75000
75000
75000
75000
77500
80000
75000
75000
70000
80000
74999
82500
70000
76032
80000
75000
79200
70000
80000
79200
75000
72500
76560
82500
72600
80000
80000
70000
72000
75000
76800
75000
73000
76800
76800
78000
72000
81840
72000
77500
82500
82500
70000
77500
70000
75000
72000
75000
75000
72500
80000
70000
70000
72500
75000
80000
75000
72600
80000
70000
77500
70000
81250
75000
70000
71250
70500
72500
72500
75000
71500
80000
80000
82500
82500
76800
73800
75000
80000
75000
70000
70000
70000
72500
75000
77500
77500
69250
75000
75000
70000
70000
77500
77500
75000
70000
78720
82500
70000
75000
75000
72576
75000
77500
78000
75000
70000
80000
70000
80000
72500
72500
69000
70000
80000
75000
82500
80000
80000
72500
75000
77400
72500
76800
72500
75000
81600
78000
75000
80000
81600
75000
73800
72500
80400
75000
77500
82500
72500
80000
70000
70000
81600
72000
77400
74400
75000
70000
75000
81000
72000
72500
72500
81250
80000
78000
78000
72000
78000
72500
70000
70000
72500
70800
73800
70000
75000
70000
72000
69000
72000
75000
72000
72000
71400
71500
77000
80000
70000
75000
75000
75000
72000
72500
78000
70000
70000
75400
75000
70000
75000
75000
75000
75000
72000
72500
72000
70000
70000
72000
81600
75000
72000
80000
70000
80000
72500
72500
75000
72500
70000
75600
72000
75600
80000
80400
77500
72000
72000
70000
72000
75000
82500
75000
70000
75000
80000
70000
70000
70000
81720
80000
75000
80000
80000
70000
70000
70000
80000
80000
75000
70000
70000
80000
75000
70000
70000
70000
70000
80000
75000
81000
73040
77500
72000
75000
80000
80000
70000
75000
75000
81600
80000
70000
72000
75000
75000
75000
82500
75000
71000
69120
70000
72000
80500
82500
74880
77500
78000
75000
80000
79009
71000
74400
74400
75600
80000
72500
81714
69000
80000
80000
78720
75000
80000
80000
70000
75000
74500
79500
82500
75000
75000
75000
70000
71000
75000
75000
80000
80000
70000
79200
70000
72500
70000
73200
75000
79200
78000
75000
70000
77500
82500
72000
70000
70000
81000
78000
68400
78000
80000
72000
77500
70000
70000
70000
79800
80000
70000
76800
72000
78000
76200
80000
70000
79392
72000
70000
75000
80000
82500
70000
73200
81600
78600
81000
80000
80000
77500
72500
75000
82800
75000
72500
75840
76800
72000
72000
79999
81250
77400
70000
80000
72000
72000
72000
68750
68750
82500
82500
75000
77500
75000
77500
72000
72000
70000
70000
74000
75000
70000
82500
72500
78000
73920
72000
75000
78000
72000
70000
70000
80000
70000
70080
80000
72500
72500
69120
75000
73000
81859
73000
77500
75000
75000
75000
75000
75000
75000
79200
72500
80000
70000
79000
70000
76978
72000
75600
72000
76800
72000
74999
80000
72500
70000
80000
75000
80000
75000
75000
81000
77500
70000
70000
70000
80000
72500
70000
71500
70000
80000
75000
69000
75000
72500
77500
75000
80000
77500
76560
76560
78000
81250
70000
75000
80000
75000
70000
75000
75000
70000
69120
70000
71961
77500
69120
82500
75000
75000
72500
77500
80000
77500
70000
82500
70000
80000
72500
72500
75000
75000
75000
70000
80000
73200
77500
72000
71400
69000
70000
75000
82500
70000
80000
80000
80000
78000
72500
75000
70000
70000
72500
70000
80000
75000
75000
75000
70000
69120
78000
81600
70000
76800
70000
72000
80000
70000
70000
72500
72000
80000
80000
78000
70080
70000
77500
68750
72000
80000
79000
76800
75000
76800
72000
72000
76800
73200
70000
75000
75000
72500
75000
70000
70000
77500
70000
70000
72500
72500
70000
79216
79800
82500
80000
78000
72000
72000
76800
75000
70000
70000
80000
71000
68400
74400
72500
72000
72000
70000
70000
70000
70000
75000
70000
70000
72500
70000
80000
75000
77500
75000
70000
72950
70000
80000
70000
80000
70000
80000
72500
70000
75000
70000
72500
72000
80000
70000
80000
75000
72000
72000
72000
72000
74400
75000
80000
79680
75000
76800
70000
70000
75000
75000
75000
68750
75000
81250
70500
72000
72500
75000
75000
72500
75000
77500
78000
77500
77500
70000
70000
71000
80000
69360
80000
75000
70000
76800
75000
75000
75000
81000
80000
75000
80000
75000
80000
80000
75000
70000
72000
80000
75000
75000
80000
80000
80000
80000
75000
75000
70000
70000
70000
75000
80000
70000
70000
70000
80000
76800
69360
69360
72000
70000
70000
75000
70000
80000
75000
70000
75000
81600
80000
75000
72500
80000
80000
70000
70000
80000
70000
75000
75000
80000
70848
72960
76800
81720
81720
70000
70000
70000
80750
77000
80000
70000
73125
74880
72500
70000
72500
76800
72500
75000
77500
70500
82500
80000
75500
77500
74500
70000
75000
75000
72500
70000
80000
70000
70500
75000
80000
70000
75000
75000
81000
80000
70000
70000
75000
68500
70000
77500
72000
77500
75000
75000
68400
80500
76200
80000
70000
78000
68400
75000
70000
70000
78000
72500
77500
74000
80500
70000
80000
70000
78000
72500
72500
70000
75700
70000
70000
80000
75000
75000
70000
72000
70000
70000
78000
70000
70000
72000
75000
75000
75000
70000
75000
75000
75000
72500
77500
68584
70000
70000
82500
78000
70000
69000
71400
75000
72000
80000
70000
82800
75000
70000
70000
77500
80000
80000
70000
75000
80000
81600
76800
79542
75500
73000
80000
75000
75000
70000
80000
77500
70000
70000
70000
70000
68500
80000
75000
80000
70000
72500
76800
70000
76800
72000
72500
70000
81000
75000
72500
70000
75000
70000
79200
70000
70000
72500
80000
80000
75000
72000
75000
82500
78000
72000
75600
70000
80000
70000
72000
70000
72500
75000
77500
80000
71040
69120
71040
74880
71040
72960
75000
70000
70000
72000
76800
74999
74999
74999
74999
75000
75000
75000
75000
75000
75000
75000
75000
75000
75000
75000
75000
72500
80000
78000
71000
69000
71000
71500
69500
75000
75000
75000
80000
78000
80000
78000
72500
70000
70000
74999
70000
70000
75000
76800
76800
72500
75000
70000
70000
70000
70000
72000
69000
80000
74880
70000
80000
75000
80000
70000
70000
75000
70000
70000
70000
75000
72500
82500
75000
82500
75000
80000
75000
70000
75000
80000
70000
79200
69172
68640
75240
77500
75000
70000
70000
70000
75000
82500
72000
75000
72500
75000
72500
70000
72000
75000
72500
80000
80000
72000
75000
70000
70000
70000
72500
70000
72000
80000
72000
70000
80000
76800
75000
80000
70000
70000
82500
70000
72000
70000
82500
78000
75000
77500
72000
74880
70000
72500
77500
80000
78000
81000
78000
75000
75000
72000
77500
82500
75000
75000
69600
80000
80000
77500
80000
71000
78000
74400
75000
74400
74400
80000
75000
75000
80000
80000
80000
80000
80000
77500
78000
75000
75000
72500
72000
81600
70000
79680
70000
80000
77500
81000
70000
75000
69360
75000
72500
70000
70000
69360
77500
75000
70000
75000
77500
70000
70000
70000
80000
70000
72500
70000
76800
70000
70000
80000
75000
80000
80000
80000
70000
72500
77500
80000
77500
77500
72500
75000
70000
70000
80000
72500
70000
77500
77500
79200
72500
75000
70000
75000
75000
69600
72500
72000
70000
77500
75000
70000
80000
72500
72500
70000
80000
70000
80000
75000
70000
70000
70000
70000
70000
80000
80000
75000
70000
70000
70000
80000
80000
72500
72000
78000
70000
70000
68500
70000
78000
75000
75600
70000
70000
70000
70000
80000
75000
75000
75000
70000
70000
70000
70000
80000
82500
72500
82500
82500
70000
70000
75000
70000
80000
79680
82500
79200
79200
80000
79680
75000
77500
75000
76800
78000
72000
72000
72000
75600
78000
72000
75000
75500
75500
72500
70000
70000
70000
75000
70000
77500
71000
80000
72500
82000
75000
73000
69000
80000
80000
72500
70000
70000
72500
82500
76800
74250
72500
74250
72500
70000
73500
72000
80000
80000
70000
72000
72500
72500
75000
75000
70000
82500
80000
81000
75000
70000
77500
81600
72000
70000
70000
68400
80000
70000
75000
70000
70000
69000
75000
80000
74880
72000
70000
78000
70000
75000
72500
81600
78000
77500
74400
70000
80000
68400
78000
72000
80000
77500
72000
80000
78000
75000
70000
78000
72500
72000
72000
78000
70000
72500
77500
75000
70000
70000
70000
79200
75000
80000
72500
70000
72500
75500
75500
75500
68750
80000
80000
70000
80000
80000
80000
70000
75000
75000
80000
73920
76492
75000
75000
72500
81840
79200
72600
78500
73920
73920
79200
73920
76015
70000
80400
75000
68500
78500
80000
70000
82500
75000
72600
75000
75000
82500
70000
70000
82500
70000
80000
70000
80000
81600
72099
82500
72500
78202
77581
70754
76905
81926
75000
72960
74478
69000
70754
72099
81926
78202
80000
80000
77500
69120
71500
70000
75000
72500
75000
80000
77500
77500
73651
75000
70000
75000
70000
70000
72500
75000
75900
79000
76877
68500
68750
70080
80000
72500
78000
70000
75000
70000
79200
73500
68640
75000
70000
76800
70000
78000
80000
76800
82500
69120
77500
70000
72000
72500
72500
70000
70000
82500
70000
80000
70000
75000
80000
70000
71700
75000
75000
75000
80000
70000
70000
72000
72500
72500
72000
75000
80000
70000
70000
70000
70000
80000
78720
75000
70000
70000
70000
76800
80000
75000
75000
70000
70000
74880
81600
75000
70000
80000
76800
78000
80000
75000
80000
72000
75000
81600
75000
76800
68400
76800
72500
75000
75000
77500
75000
70000
75000
76800
74268
70000
75000
80000
75000
70000
78000
78000
80000
80000
70000
72000
78000
75000
78000
72500
81000
76800
72000
75000
70800
75000
70000
73920
70000
72600
70000
75000
72500
70000
72500
78500
70000
70000
75000
80000
72500
70000
77500
80000
80000
75000
75000
80000
70000
80000
81600
74880
70000
78000
75500
75000
81000
80000
70000
72500
72000
69000
75000
82500
80000
70000
75000
77500
80000
70000
80000
75000
79200
80000
75000
72500
72500
75000
75000
75000
70000
80000
75000
80000
80000
75000
72500
72500
68500
76500
68500
70000
78000
70000
70000
72000
74400
80000
75000
71400
81000
72500
70000
81600
70000
81600
72500
81600
77500
69120
82500
70800
70000
70000
77500
72500
75000
75000
69500
77500
77500
70000
70000
70000
70000
72500
71250
70000
76800
75000
70000
82560
70000
72960
74880
69120
75000
80000
82500
78000
77500
75000
78000
75000
70000
68750
69172
70000
73920
75000
80000
80000
75000
75000
81600
70000
70000
78000
80000
70000
70000
70000
80000
70000
74100
78000
80000
80000
70000
80000
80000
72500
72500
82800
82500
80000
70000
79000
80000
80000
78000
72000
78000
72000
76800
79080
72500
75000
75000
80000
75000
77500
80000
72897
75600
76800
77400
75000
77400
75000
71700
74400
75000
70000
75000
72500
70000
75000
69172
73000
69600
72000
70000
70000
70000
70000
70000
68500
68500
76800
76800
72576
75500
75000
80000
78000
70000
75000
78000
76800
76800
80000
72500
78000
75000
80000
72500
70000
70000
70000
70000
73920
77500
73250
72500
78720
70000
80000
82500
80000
75000
80000
75000
75000
78000
80000
78720
70000
80000
80000
80000
80000
80000
80000
78000
78000
69600
70000
72000
82800
79200
77500
74400
72000
71500
76800
69000
78000
78000
70000
72000
80000
70000
80000
72500
72000
68500
75000
70000
78000
78000
77499
69738
70000
78000
70000
76800
72500
72500
75000
72000
72120
75000
80000
70000
81600
80000
77500
75000
70000
70000
75000
77500
80000
82750
82500
70000
75000
70000
70000
82500
70000
72000
80000
80000
80000
80000
75500
77500
79200
80000
82500
78000
76800
82500
70000
70000
75000
69172
80000
69172
70000
75000
75000
69000
70000
70000
75000
75000
75000
75000
75000
82560
80640
80000
75000
82200
80000
80000
80000
70000
70000
75000
75000
72000
70000
70000
77400
81000
70000
70000
75000
77500
77500
76800
72500
77500
75000
70000
77500
82500
75000
77500
70000
80000
75000
72000
75000
74880
70000
69172
76320
78000
69172
72500
74999
74999
79200
79200
76032
70000
77500
80000
70000
82800
72500
80000
72500
75000
80000
82500
70000
82500
72500
70000
70000
70000
72000
77500
82500
72500
70000
75000
75000
75000
72500
72500
72500
75000
68892
80000
72000
72000
75000
82500
80000
75000
72750
76800
72500
70000
75600
79000
75000
76800
80000
72000
82500
75000
70000
72000
82500
80000
80000
80000
75000
82500
70000
81250
82500
78000
78000
78000
76800
70000
70000
70000
75000
72000
73800
72500
75000
72000
72000
70000
70000
70000
78720
76800
80000
75000
71808
72500
70000
70000
75000
70000
75000
69120
78000
80000
80000
75000
80000
80000
80000
80000
80000
80000
77500
70000
70000
70000
80000
80000
82500
82500
75000
68750
81250
77500
77500
72500
77500
77500
78000
78000
78000
72000
72000
72000
77400
80000
72500
70000
70000
75000
70000
70000
75000
70000
75000
80000
70000
80000
77500
75000
75000
74400
75600
73200
72000
75000
75000
76800
70000
75000
70000
70000
70000
70000
70000
75000
68500
69000
72000
72000
70000
70000
70000
70000
70000
72000
76800
76800
72000
76800
76800
76800
75500
76800
80000
80400
82500
72000
82500
72000
69000
79200
75600
72000
80000
80000
72500
78000
70000
75000
70000
72000
75000
80000
82500
72500
76800
78000
75600
79200
78000
75000
72000
76800
76800
70000
81000
