144000
144000
150000
134400
134400
172800
172800
172800
172800
172800
172800
120000
120000
134400
134400
134400
134400
134400
134400
134400
134400
134400
134400
180000
138240
134400
134400
134400
134400
144000
199680
144000
199200
168000
134400
180000
180000
140000
180000
120000
172800
153600
153600
134400
144000
150000
120000
200000
120000
130000
120000
144000
172800
134400
122880
172800
144000
200000
135000
120000
120000
120000
120000
144000
134400
132000
130000
156000
132000
134400
120000
120000
144000
120000
168000
134400
134400
134400
134400
134400
134400
134400
134400
134400
134400
134400
134400
120000
130000
150000
120000
120000
150000
150000
192000
120000
192000
150000
120000
120000
120000
120000
200000
132000
156000
130000
134400
134400
134400
134400
134400
134400
134400
134400
134400
134400
140000
168000
150000
172800
144000
120000
130000
144000
134400
134400
134400
134400
134400
160000
120000
152640
128160
134400
134400
134400
134400
192000
134400
134400
160000
140000
150000
150000
160000
144000
120000
130800
120000
130000
150000
150000
120000
180000
144000
144000
138240
134400
134400
134400
140160
120000
182400
192000
140000
200000
120000
132000
125000
180000
150000
150000
200000
150000
175000
170000
129600
144000
180000
120000
150000
150000
150000
120000
163200
150000
162000
156000
192000
134400
152640
120000
168000
175000
156000
124000
150000
120000
150000
134400
150000
120000
145000
134400
134400
120000
200000
120000
144000
192000
120000
140000
190809
180000
150000
200000
180000
120000
120000
144000
200000
130000
124800
192000
144000
145000
134400
134400
134400
134400
120000
138240
153600
134400
134400
153600
138240
132000
150000
