85000
85000
85000
83520
83520
83520
83520
83520
83520
83520
83520
83520
83520
83520
83520
83520
83520
83520
83520
83520
83520
83520
83520
83520
83520
83520
83520
83520
83520
83520
83520
83520
83520
83520
83520
90000
90000
95000
85000
90000
90000
84000
85000
89000
83520
83520
85000
93600
85000
85000
85000
100000
85000
100000
83520
83520
100000
96000
96000
96000
83520
83520
83520
83520
83520
99999
95000
85000
84500
100000
96000
84000
100000
83520
83520
83520
83520
83520
83520
90000
100000
83520
100000
100000
83000
100000
83520
85000
84000
84000
100000
84806
87897
84000
90000
85000
85000
90000
84000
86400
100000
83520
83520
96000
84000
84000
86400
90000
100000
85000
90000
90000
84000
99999
90000
84000
85000
87600
100000
92500
96000
84000
90000
90000
84000
86400
84000
84000
90000
85000
87500
87500
95000
85000
96000
85000
99000
90000
96000
87600
84000
100000
97500
86400
95400
100000
84000
90000
87000
100000
86400
85000
84000
96000
86400
84000
90000
90000
95000
84000
85000
92500
84000
99000
99000
96000
85000
100000
95000
90000
108000
100000
90000
90000
90000
84000
90000
87000
90000
84000
100000
90000
90000
110000
84000
90000
90000
90000
99600
96000
96000
96000
88800
90000
88800
92500
95000
100000
86400
93500
100000
100000
96000
90000
85000
84000
84000
90000
92500
90000
95000
87723
84000
87500
95000
100000
96000
108000
85000
96000
84000
90000
97200
87500
105000
105000
85000
95000
86400
87500
92500
84000
85000
90000
85200
87500
84000
96120
91200
86000
100000
95000
90000
90000
96000
84000
96000
96000
95000
87600
100000
90000
87500
86000
92500
85000
84000
100000
90000
90000
92400
90060
96000
90000
85000
97500
84000
92500
90000
100000
100000
90000
90000
90000
87499
87499
87499
87499
87499
84000
85000
86400
99323
85000
90000
96000
90000
90000
95000
90000
87000
93600
90000
90000
90000
90000
83000
85000
85000
100000
94800
85000
96000
84000
84000
90000
93000
85200
87500
87500
95000
100000
108000
90000
84000
100000
95000
84000
95000
96000
90000
95000
84000
95000
84000
90000
84000
88500
90000
85000
96000
85000
92500
92500
90000
100000
100000
100000
97500
90000
97500
97500
97500
100000
97500
85000
100000
84480
92500
86000
84000
87500
95000
90000
100000
95000
84000
90000
96000
84000
96000
90000
84000
85000
85000
87000
96000
93000
85000
84480
97500
95000
100000
99999
99999
96000
85000
90000
100000
100000
84000
90000
90000
84000
90000
84000
96000
90000
90000
85000
85000
96000
115000
85000
90000
100000
100000
87499
85000
95000
95000
85000
85000
85000
90000
90000
85000
100000
95000
87500
100000
100000
90000
84000
92500
87475
86400
90000
96000
84000
83520
83520
83520
96000
105600
91200
87500
100000
95000
87500
84000
99060
84489
110000
100000
86267
95000
100000
99000
92160
98400
96000
90000
96000
90000
96000
88800
90000
84000
87475
87475
96000
100000
85000
90000
100000
87500
85000
99999
92148
90000
99999
90000
87300
96000
98000
85000
90000
90000
100000
100000
92500
96120
96000
90000
96000
84000
93600
85000
87499
87499
87499
96000
84000
90000
90000
100000
96000
90000
90000
85000
90000
85800
84000
90000
90000
84000
100000
92500
92500
96000
85000
90000
100000
95000
95000
85000
95000
86000
93000
96000
94000
85000
93000
96000
93600
90000
86400
87500
96000
84000
90000
86400
91800
88800
87600
84000
90000
100000
85000
100000
85000
85000
105000
85000
95000
85000
100000
90000
90000
100000
90000
95000
90000
85000
100000
95000
92500
95000
100000
100000
90000
99999
100000
85000
87500
100000
90000
100000
85000
85000
85000
90000
86400
88000
96000
96000
96000
87000
90000
96000
84000
90000
85000
99600
85000
90000
88800
100000
100000
95000
95000
85000
94000
90000
85000
100000
100000
100000
100000
100000
86400
96000
96000
100000
93000
92500
86400
100000
90000
99600
86400
96000
91800
96000
90000
84000
90000
87600
96000
96000
87500
95000
84000
100000
96000
84000
100000
100000
87000
96000
84000
84000
84000
86400
85000
90000
84000
90000
90000
87500
90000
95000
91750
86400
85000
100000
95000
90000
85000
85000
87500
85000
100000
95000
100000
85000
93000
84000
90000
99999
92500
90000
90000
84000
90000
84120
96000
90000
90000
96000
95000
90000
92500
85000
85000
100000
100000
100000
90000
90000
87600
95000
90000
92500
90000
87500
84000
90000
90000
95000
90000
90000
100000
100000
90000
87500
90000
89760
99000
87499
87499
87499
87499
87499
87499
84000
96000
96120
87475
85000
90000
100000
97500
90000
99000
99000
115200
90000
90000
84000
84000
90000
84000
87500
87000
86400
85000
90000
95000
90000
100000
90000
90000
90000
93000
96133
85000
87500
98160
90000
90000
95000
84000
92400
90000
91200
87500
84000
93729
84600
96000
96000
87600
93000
90000
96000
86400
95000
86151
90000
91200
90000
84000
90000
98880
84000
96120
98880
99000
100000
100000
87000
87500
91800
84000
84000
88121
90000
96132
99984
86400
95000
90000
96000
95000
96000
90000
84000
88800
96000
90000
84000
96000
84000
96000
90000
97200
90000
88800
90000
84120
90000
84000
90000
95000
100000
90000
84000
108000
91200
96000
100000
95000
84000
84000
95000
100000
96000
100000
85000
84000
92500
90000
100000
100000
90000
100000
100000
100000
87500
90000
100000
100000
92500
100000
85000
85000
92500
110000
96960
100000
90000
85000
90000
85000
87500
97500
85000
85500
95000
86400
86400
91200
100000
90000
90000
96000
90000
100000
87500
93000
100000
93000
87500
90000
96000
96000
86400
90000
90000
100000
96000
96000
84000
85000
84000
97200
92500
98400
87600
95000
90000
95000
85000
100000
90000
100000
100000
85000
90000
84000
84000
96000
100000
100000
90000
90000
87600
92400
90000
86400
83520
86400
92400
92500
99000
92500
99000
87500
85000
90000
90000
95000
87120
87500
95700
99500
90000
85000
85000
83424
99000
87500
87278
97500
84480
99000
90000
97500
85800
96360
85800
89000
89100
90000
100000
90000
90000
90000
95000
90000
87499
87499
87499
87499
87499
87499
87499
87499
87499
87499
87499
87499
87499
87499
87499
87499
87499
87499
87499
86400
84000
84000
85000
85000
90000
90000
90000
85000
92500
84000
89944
83520
87600
87000
96000
90000
85000
100000
83520
83520
85000
87500
90000
100000
96000
84000
85000
90000
87500
84000
84000
100000
86400
88800
85000
86400
84000
93600
90000
96000
90000
87600
86400
97500
90000
83000
100000
84000
97200
85000
97500
87500
85000
90000
85000
84000
96000
85000
100000
85000
100000
100000
100000
90000
96000
96000
92400
85536
87600
88320
96000
96000
90000
90000
92532
95040
84000
96000
99000
85000
87120
99000
96000
110000
85000
110000
100000
85000
87500
110000
85000
100000
100000
85000
93600
85000
84000
100000
90000
95000
95000
87600
100000
84000
100000
88800
90000
85000
84000
84000
100000
95000
87500
100000
84000
96000
87500
84000
97500
87500
100000
87500
87500
85000
84000
84000
95000
85000
90000
87500
100000
86400
84000
100000
100000
100000
90000
92160
87500
84000
93000
84000
100000
85000
90000
96000
100000
85000
95000
95000
100000
87500
90000
90000
95000
92500
100000
100000
84000
84000
90000
96000
90000
85000
85000
90000
96000
95000
90000
100000
84000
84000
100000
84000
84000
84000
100000
84000
90000
90000
85200
84000
88800
87000
84000
87552
90000
91200
96000
85000
100000
85000
84000
95000
100000
96000
87500
100000
100000
99323
93000
95000
90000
90000
96000
85000
92400
93000
95000
100000
90000
87000
95000
100000
85000
96000
96000
100000
85000
87500
90000
87500
90000
85000
84000
90000
100000
90000
95000
85000
91200
84000
84000
84000
94000
96000
86471
96000
95000
85000
85000
95000
87300
100000
90000
96000
85000
84000
90000
100000
97500
93000
90000
88800
84000
90000
99000
84000
84000
84000
100000
87500
90000
90000
92500
95000
87500
84000
87475
87475
87475
87475
87475
95000
84000
87475
87475
87475
87475
87475
87475
87475
87475
87475
87475
87475
87475
87475
87475
87475
87475
87475
87475
87475
87475
87475
87475
87475
87475
87475
87475
87475
100000
90000
100000
90000
85000
85000
85000
85000
85000
85000
100000
110000
90000
100000
100000
89500
97500
96000
84000
87000
90000
90000
100000
96000
84000
97500
100000
86400
115200
95000
99000
95000
85000
90000
90000
90000
90000
96000
84000
96000
96000
88800
85000
95000
100000
95000
93000
91000
90000
91000
100000
84000
98880
95000
85000
84000
90000
85000
85000
90000
84000
98880
100000
95000
96000
87600
93000
105000
83000
90000
100000
90000
90000
95000
100000
90000
85000
95000
100000
85000
90000
100000
100000
85000
100000
100000
85000
85000
100000
90000
90000
95000
95000
85000
100000
100000
100000
85000
100000
85000
100000
85000
90000
85000
85000
85000
85000
90000
90000
85000
85000
85000
90000
100000
100000
90000
91200
100000
85000
100000
100000
85200
92500
91800
90000
92500
85000
100000
85000
95000
100000
90000
99000
96000
90000
93000
87600
85000
86400
85000
100000
90000
96000
86400
100000
95000
90000
100000
90000
100000
90000
90000
91320
84000
85000
90000
95000
90000
92500
96000
95000
95000
85000
85000
96000
86400
86400
90000
85000
84000
84000
85000
84500
87000
100000
91200
100000
89500
89500
89500
84000
90000
95040
90240
86400
94080
94080
91200
94080
89868
91200
91200
96000
100000
92000
84375
100000
90000
90000
99000
85200
100000
100000
88121
84000
100000
90000
100000
84000
94800
87500
90000
96000
100000
88200
95000
95000
93000
90000
85000
87600
84000
90000
92500
87000
84000
85000
90000
87600
85000
98400
90000
85000
93600
91200
96000
84000
90000
100000
96000
84000
83772
100000
85000
87500
85000
93000
86400
99999
85000
90000
99999
85000
96132
91200
93600
90000
86518
98160
98880
87000
84000
100000
95000
90000
99323
91440
97200
100000
95000
92500
92500
99600
87500
87500
96000
84000
90000
85384
96000
96000
100000
90000
90000
84000
95000
85000
90000
86400
85000
94800
86400
100000
84000
96000
96000
90000
90000
96000
90000
90000
96000
90000
90000
87000
98880
93000
91200
86400
84000
85000
84000
95000
94800
90000
95000
100000
87500
90000
84000
84000
90000
94800
90000
93600
100000
85000
83520
90000
95000
88000
83500
85000
95000
100000
90000
87500
85000
97500
84000
87500
86500
95000
84000
83520
95000
100000
95000
100000
100000
85000
85000
95000
100000
95000
91629
85000
90000
95000
85000
92500
91200
97500
100000
85000
95000
95000
95000
91200
88320
100000
86400
83750
100000
100000
100000
91200
84000
90000
91200
86400
100000
100000
100000
100000
84000
100000
85000
90000
84000
84000
100000
100000
100000
100000
100000
100000
95000
90000
100000
90000
84000
100000
84000
100000
84000
96000
86400
96000
96000
91200
86400
86400
89750
89500
115200
85250
100000
90000
90000
85000
85536
85000
85000
92400
95000
90000
86400
90000
100000
95000
100000
90000
90000
85000
85000
84000
84000
99000
97500
97500
92500
94250
85800
92400
90000
92500
87499
87499
87499
87499
87499
87499
87499
87499
87499
87499
87499
87499
87499
87499
87499
87499
87499
87499
87499
87499
87499
87499
87499
87499
87499
87499
87499
87499
87499
87499
87499
87499
87499
87499
87499
87499
87499
87499
87499
87499
87499
87499
87499
87499
87499
87499
87499
87499
87499
87499
87499
87499
100000
90000
91200
87485
90500
90000
88000
90000
90000
85000
96000
90000
90000
84000
84000
86400
85000
85800
90000
96000
100000
85000
96000
85000
84000
85000
100000
85000
95000
86400
90000
86400
85000
96000
96000
85000
86400
91200
95000
97500
85000
85000
96000
85000
90000
92500
90000
99600
92500
100000
100000
90000
90000
90000
96000
85000
90000
87500
100000
86471
90000
96000
90000
90000
93600
100000
87500
84000
97500
90000
84000
99323
90000
90000
96000
96000
84000
95000
84000
90000
95000
87500
85000
85000
90000
91200
90000
90000
96000
90000
96000
85000
110000
90000
96000
90000
92400
90000
96000
90000
90000
96000
87000
84000
84000
86518
100000
85000
91000
86400
86400
85000
84000
98400
93600
93600
100000
93600
96120
90000
108000
95400
96000
96000
90000
84000
90000
90000
94800
100000
95000
87600
86400
92500
90000
88800
96000
96000
88320
96000
95000
90000
100000
100000
85000
95000
85000
85000
100000
90000
100000
85000
100000
100000
100000
88320
108000
108000
98400
96120
90000
85000
87600
87000
96000
99000
90000
87000
85000
95000
100000
86500
87000
90000
85000
100000
110000
100000
86400
95000
96000
96000
86400
96000
84000
85000
84000
92500
90000
100000
84000
87600
90240
90000
84000
87500
90000
84000
90000
87500
87500
85000
99600
84000
92284
90000
85000
91200
90000
96000
90000
97920
85000
96132
91200
93000
115200
86518
96000
95000
90000
88800
91320
96000
84000
96000
90000
90000
96000
96600
90000
90000
92500
93960
96000
87500
85000
84000
96000
93248
100000
84000
84000
84000
90000
87000
87475
100000
87475
86400
91200
90000
93098
85000
84000
96120
90000
87500
84000
95000
90000
95000
95000
100000
100000
83000
90000
90000
99500
85000
100000
97500
90000
90000
100000
90000
86000
90000
100000
90000
90000
100000
90000
100000
90000
90000
92500
87500
86400
95000
91200
100000
85800
85000
95000
90000
85000
100000
85000
96000
87500
87500
90000
87500
96000
90816
85000
84000
96000
96000
85000
90000
94800
100000
95000
90000
87500
84000
90000
90000
90000
90000
90000
95040
99000
85800
92400
92532
90420
84480
85000
87000
100000
100000
87499
87499
87499
87499
87499
87499
87499
87499
87499
87499
87499
87499
87499
87499
87499
87499
87499
87499
87499
87499
87499
87499
87499
99000
90000
90000
87499
87499
87499
87499
87499
87499
87499
87499
87499
92500
87499
90000
93600
100000
85000
85000
84000
93600
90000
84000
90000
84000
100000
90000
90000
84000
95000
100000
87500
90000
96000
97000
84000
85000
100000
84000
100000
91200
100000
99000
90000
87600
99840
84000
84000
85000
97500
95000
90000
90000
85000
90000
84000
96000
90000
90000
90000
90000
90000
90000
84000
96000
90000
90000
93000
90000
84000
84000
90000
90000
84000
96000
90000
84000
96000
83400
91800
84000
86518
90000
93667
100000
100000
90000
100000
100000
91000
93000
85000
90000
96000
100000
100000
96000
93000
99000
99000
98400
90000
92500
100000
91800
87000
90000
90000
93600
84000
93600
90000
90000
84000
84000
85000
85000
85000
85200
85200
96133
85000
90000
90000
88800
93000
84120
90000
92500
96000
93600
90000
96000
93600
96000
84480
88500
96000
84000
93600
96000
85000
96000
84000
90000
90000
96000
96000
96000
93120
96000
91200
98880
100000
100000
95000
90000
100000
100000
90000
95000
95000
85000
85000
85000
100000
100000
90000
95000
88800
90000
100000
90000
85000
100000
85000
95000
87500
86400
96000
93600
84000
96000
90000
96000
100000
96120
100000
87600
100000
90000
96000
95000
85000
90000
90000
90000
90000
86400
86400
96000
90000
93600
85000
95000
86400
100000
100000
90000
87500
100000
90000
99999
85000
93000
90000
87499
87499
87499
87499
87499
87499
87499
87499
87499
87499
87499
87499
87499
87499
87499
87499
87499
87499
87499
90000
99000
90000
90000
84120
99000
90000
90000
90000
84000
100000
100000
84000
84000
96000
100000
99000
87500
84000
90240
98500
85000
100000
91650
95000
90000
87500
100000
92500
90000
84000
90000
84033
93000
96000
85000
85000
91200
90000
92400
90000
92500
95000
95000
85000
90000
95000
83200
85000
87500
84000
84000
85200
91200
100000
105000
90000
90000
100000
90000
100000
100000
90000
100000
85000
85000
90000
90000
85000
100000
90000
91000
90000
85000
100000
90000
90000
83520
88000
96000
85000
100000
96000
90000
85000
87500
90000
97500
88000
92500
90000
96000
88500
86400
85000
87500
86400
85000
87475
93027
85000
100000
90000
88500
86400
90000
86499
85000
100000
100000
86400
96000
90000
100000
85000
87500
85000
100000
84000
87475
95000
85000
85000
96000
90000
90000
96000
85500
93600
90000
90000
90000
90000
87500
87000
92500
87499
87499
87499
87499
87499
87499
87499
87499
87499
87499
87499
87499
87499
87499
87499
87499
87499
87499
100000
90000
95000
86400
84000
95000
96000
95000
90000
85000
85000
91680
86400
100000
93000
87600
96000
95000
90000
95000
96000
85000
85000
100000
100000
92500
87500
87500
87500
90000
100000
96000
85000
100000
85000
85000
85000
85000
85000
91000
90000
100000
84000
85000
85000
95000
90000
86400
96000
95000
91200
90000
90000
90000
84000
84000
85000
95000
100000
95000
100000
85000
92500
90000
95000
90000
90000
87600
92500
91787
100000
100000
93000
85000
84806
85000
87500
85000
100000
105600
85000
90000
90000
87500
90000
90000
100000
85000
83500
85000
87500
85000
96000
100000
84480
85000
85000
85000
95000
95000
90000
90000
91200
92500
96000
95000
85000
96000
90000
85000
90000
95000
100000
100000
115000
100000
100000
95000
100000
85000
100000
90277
85000
90000
85000
95000
90000
95000
85000
90000
100000
85000
85000
100000
90000
96000
96000
95000
85000
100000
90000
85000
100000
85000
95000
85000
100000
90000
100000
100000
90000
85000
96000
90000
90000
84000
91800
90000
96480
95000
100000
87499
87499
87499
87499
87499
87499
87499
87499
87499
87499
87499
100000
87499
87499
87499
87499
87499
87499
87499
87499
87499
87499
87499
84000
90000
85000
85000
97500
90000
90000
95000
85000
84000
100000
100000
85000
100000
96000
100000
84000
90000
95000
85000
89500
87500
100000
90000
84000
110000
100000
90000
90000
99000
85000
94500
85000
110000
85000
93340
84500
85000
96000
98880
90000
85000
90000
100000
100000
100000
95000
85000
90000
85000
85200
100000
84000
83520
87600
93600
85000
95000
95000
90000
100000
96000
90000
95000
95000
98400
90000
100000
95000
96000
98994
95000
86400
86400
86400
86400
88320
96960
96960
100000
84480
99000
89100
99000
95000
85000
100000
100000
100000
100000
100000
100000
90000
90000
90000
100000
85000
90000
90000
96000
85000
87499
87499
87499
87499
87499
87499
87499
87499
88800
91200
90000
90000
90000
85000
90000
95000
100000
90000
100000
90000
85000
84000
90000
86400
86400
90000
90000
85000
85000
85000
85000
93600
90000
90000
87475
97500
100000
89000
91584
96000
96000
96000
85000
85000
91200
100000
100000
85000
100000
95000
85000
95000
100000
100000
85000
90000
85000
100000
87000
92500
94500
94500
90000
90000
90000
90000
90000
90000
100000
87475
87475
90000
95000
85000
86400
100000
84000
90000
97500
108000
91200
91200
90000
87750
97500
85000
95000
97500
90000
108000
100000
100000
85000
85000
95000
87499
87499
87499
87499
87499
87499
87499
87499
87499
87499
87499
87499
87499
87499
87499
100000
84000
84250
90000
90000
90000
90000
85000
99360
84000
85000
84000
87500
88320
90000
96000
96000
85000
100000
100000
85000
97200
84000
96000
90000
90000
90000
90000
96000
96000
84000
90000
90000
93600
92400
90000
90000
84000
90000
96000
90000
86400
85000
100000
87552
84000
96000
88800
90000
114480
93600
87500
90000
90000
90000
100000
100000
85000
100000
90000
90000
90000
90000
85000
100000
85000
90000
85000
85000
85000
100000
90000
85000
95000
96000
85000
84000
85000
100000
100000
100000
97500
95000
90000
85000
90000
84000
99000
99000
90000
100000
90000
90000
90000
86400
86400
85000
100000
92500
100000
96000
100000
95000
84000
95000
90000
100000
90000
90000
85000
96000
91200
96000
100000
89500
90000
86400
96000
90000
87600
87600
87600
96000
91200
90000
90000
90000
84000
96000
96000
90000
84000
100000
90000
84000
96000
85000
93000
86400
90000
90000
87600
90000
93000
84000
90000
95000
84000
90000
85000
95000
85000
85000
90000
100000
90000
100000
85000
92500
87500
85000
84000
93600
93000
87500
90000
99000
90000
100000
90000
90000
100000
90000
99000
84000
99976
96000
100000
86518
87000
96000
90000
91326
90000
90000
97500
84000
84000
84000
96000
86400
100000
85000
90000
96000
85000
88800
90000
84000
85000
84000
96000
96000
90000
95000
96000
90000
92400
90000
90000
85000
92500
93600
100000
90000
96000
95000
87600
100000
86400
87500
87500
100000
95000
90000
100000
92500
95000
100000
87000
92500
90000
95000
85000
90000
95000
100000
100000
87500
87500
97000
85000
90000
100000
85000
100000
85000
100000
85000
92000
86000
92500
95000
87500
95000
100000
85000
85000
95000
100000
95000
84000
97920
97920
87000
97500
86500
87000
88000
100000
85000
84000
85000
85000
86400
85000
90000
85000
96000
97500
90000
90000
95000
100000
90000
97500
90000
89999
89999
89999
89999
89999
89999
89999
89999
89999
89999
89999
85000
90000
90000
90000
90000
96000
95000
85000
95000
90000
90000
100000
97500
100000
85000
89999
89999
89999
85000
100000
95000
100000
84000
90000
96000
84000
96000
100000
90000
95000
100000
85000
87499
87499
87499
87499
87499
87499
87499
87499
87499
87499
87499
87499
87499
87499
87499
87499
87499
87499
87499
87499
87499
87499
87499
87499
87499
87499
87499
87499
87499
87499
90000
90000
90000
97200
84000
87475
84000
90000
90000
96000
91200
84000
95000
85000
90000
90000
95000
95000
92500
85000
95000
90000
94500
85000
90000
100000
100000
85000
84000
100000
87000
87500
87500
87500
87500
87600
95000
95500
86400
87500
86400
110000
84000
84000
87500
90000
96000
96000
96000
85000
90000
85000
85000
100000
97500
96000
95000
90000
90000
90000
84000
90000
93600
84000
84000
100000
100000
85000
85000
100000
90000
97500
100000
91000
84500
100000
91000
100000
100000
100000
100000
85000
90000
83200
90000
96000
96120
84000
94200
85000
96000
98880
90000
92500
84000
85000
85000
99500
90000
92500
90000
90000
90000
87500
87500
87500
87000
86400
100000
100000
93000
90000
90000
90000
100000
95000
90000
90000
100000
100000
100000
96000
96000
90000
90000
108000
92500
90000
100000
85000
100000
95000
85000
100000
90000
90000
90000
90000
87600
87600
87600
88800
90000
85000
100000
100000
90036
96000
83000
85000
95000
94000
87500
100000
95000
100000
83000
95000
87500
87000
98500
95500
93000
90000
86000
90000
94000
89000
95000
100000
84000
85000
84000
86400
99600
100000
100000
90000
92500
95000
90000
95000
85000
90000
84000
85000
90000
92400
84000
92778
90000
85000
87600
102000
90000
96000
93000
84000
96000
84000
92500
100000
90000
100000
84000
87600
84000
84000
84000
99000
87500
84000
90000
90000
95000
84000
91200
87500
97500
88320
100000
94500
87475
90000
96000
90000
95000
95000
90000
100000
87475
96000
96000
84000
96000
84000
87500
97920
85000
85000
85000
87500
90000
90000
100000
84000
100000
89999
85000
86000
97500
100000
87500
85000
90000
90000
90000
90000
90000
90000
90000
90000
90000
90000
90000
95000
90000
85000
100000
90000
97500
90000
89999
89999
90000
90000
85000
92400
88440
92500
99000
99000
99000
87500
85000
86400
85000
85000
100000
95000
90000
87500
84000
100000
100000
100000
100000
90000
87499
87499
87499
87499
87499
87499
87499
87499
87499
87499
87499
87499
87499
87499
87499
87499
87499
87499
87499
87499
87499
87499
87499
87499
87499
87499
87499
87000
90000
85000
96000
96000
90000
90000
87500
84000
85000
85000
89500
89500
92500
90000
90000
85000
85000
95000
90000
85500
90000
85000
88800
90000
96000
90000
85200
96000
95000
93000
90000
90000
95000
90000
96000
96000
86400
84000
96000
90000
90000
100000
100000
96000
84000
84000
84000
86400
84000
87000
85000
84120
84000
84000
86118
95000
90000
85000
110000
85000
85000
85000
90000
90120
91000
85000
90000
87500
90000
87000
85000
87500
87500
100000
85000
100000
100000
105600
90000
87500
87500
87500
88800
84000
95000
105000
90000
86400
100000
100000
90000
100000
90000
100000
85000
85000
90000
100000
85000
90000
90000
85000
90000
93000
85000
85000
95000
83520
90072
100000
96000
87000
90000
84600
90000
100000
84000
89000
86400
100000
84000
96000
95000
84480
92500
96000
100000
100000
95000
90000
85000
90000
84000
90000
100000
86400
93120
84000
90000
87500
92400
96000
96000
87500
90000
97200
96600
97500
90000
84595
96000
96000
99000
84000
90000
94800
84000
82920
96000
90000
91326
95000
97200
100000
84000
96000
86400
85000
84000
84000
90000
100000
92500
96000
85000
85000
87475
90000
96000
96000
93000
88800
84000
92500
85000
84000
96000
90000
96000
87000
90000
85000
84000
84000
85000
84000
87600
94800
84000
95000
84000
84000
90000
90000
87500
90000
86400
86400
96000
86400
86400
86400
95000
95000
90000
84604
90000
85000
85000
100000
85000
95000
84000
90000
85000
90000
90000
96120
89999
87500
84500
90000
90000
92000
85000
96960
85000
90000
95000
90000
90000
90000
89999
85000
99000
99000
87500
89760
94000
92400
90000
95000
100000
92400
90000
90000
87000
90000
90000
100000
95000
90000
96000
95000
90000
85000
85000
90000
95000
95000
92500
87499
87499
87499
87499
87499
87499
87499
87499
87499
87499
87499
87499
87499
87499
87499
87499
87499
87499
87499
87499
87499
87500
90000
90000
90000
100000
90000
90000
95000
95000
100000
100000
90000
96000
90000
97500
92500
95000
97500
95000
95000
87500
85000
85000
87500
85200
90000
85200
90000
90000
90000
96000
95000
84000
90000
90000
92160
90000
96000
90000
95000
96000
92500
95000
90000
96000
90000
99600
91200
85000
90000
97500
90000
90000
96000
96000
96000
93000
96000
100000
90000
95000
87500
96000
87500
95040
85000
87600
96000
84000
84000
100000
110000
110000
86400
85000
100000
90000
90000
87500
90000
84000
90000
85000
85000
90000
96000
84000
96000
85000
84000
90000
96000
96000
96000
84000
90000
88096
86400
88822
88500
87500
92500
85000
100000
90000
88320
92160
95000
90000
85000
91200
92500
91200
83750
100000
87500
85000
85000
85000
90000
92524
94502
85000
85000
87500
87600
87600
87600
87600
93000
86400
84292
84000
100000
92500
97000
85000
87500
90000
100000
90000
84000
91000
90000
96000
96000
90000
94500
90000
85000
84000
84000
97500
85000
96120
96000
96000
93000
96000
84000
95000
93000
94502
87600
110000
90000
98400
94303
99000
90000
87444
90000
84000
90000
96000
96000
98755
93600
84000
96000
90000
100000
96000
90000
90000
93000
91200
90000
97731
95000
100000
84000
96000
96000
88800
90000
91787
93600
93600
95000
85500
100000
93600
100000
96000
93750
87500
87500
87500
93750
90000
90000
90000
90000
95000
90000
100000
100000
87000
88800
85000
100000
90000
96000
96000
90000
90000
90000
95000
95000
95000
105600
96000
86400
83520
83520
83520
88704
84480
90000
89000
93000
87500
85000
90000
96000
85000
89999
87500
91500
92500
93750
85800
100000
90000
100000
90000
85000
100000
90000
85000
100000
87500
84000
89999
90625
87500
85800
100000
91200
100000
85000
90000
85000
100000
110000
95000
90000
100000
100000
100000
100000
115000
90000
87499
87499
87499
87499
87499
87499
87499
87499
87499
87499
87499
87499
87499
87499
87499
87499
87499
87499
87499
87499
87499
87499
87499
87499
100000
87500
90000
90000
97500
90000
85000
90000
100000
100000
90000
87000
91200
90000
96000
87600
85000
100000
84600
85000
96000
100000
84000
84000
85000
95000
87500
97500
90000
86400
85000
100000
90000
87000
90000
86400
90000
84000
100000
85000
85000
85000
96000
85000
108000
92400
85200
84000
96000
91800
84000
85000
85000
85000
96000
84000
87545
87930
95000
90000
99000
90000
90000
84500
84500
91000
93600
90000
96000
90000
92500
85000
93000
84000
96000
90000
93000
96000
90000
90000
100000
92500
92500
95000
85500
85000
85000
84000
96000
84000
100000
85200
95000
85000
95000
98000
98000
90000
85000
90000
90000
100000
90000
95000
90000
85000
85000
100000
85000
85000
90000
90000
90000
100000
92400
90000
100000
95000
84000
92400
90000
98400
90000
92160
95000
84000
92148
85625
96000
87500
95000
86400
84000
86400
100000
90000
100000
94000
100000
100000
100000
100000
90000
90000
88000
90000
90000
85000
85000
85000
96000
100000
86000
100000
87000
84000
92400
85000
84000
84000
90000
93000
90016
96000
99000
84000
90000
84000
85000
85000
90000
85000
95000
90000
84000
85000
91800
90000
84000
95000
84000
100000
92500
86400
96120
84000
96000
90000
96000
86400
87600
85000
95000
91200
96000
97500
90000
99000
99000
90000
100000
96000
83520
93000
83520
83520
83520
96000
100000
83520
90000
97500
97000
98000
95000
87500
91500
96000
90000
96875
100000
100000
85000
90000
90000
85200
100000
84000
100000
93600
90000
97500
87000
95000
90000
87500
90000
96000
90000
85000
96000
84000
90000
87000
93600
87500
90000
89999
84480
95000
85000
85000
100000
100000
85000
85000
87000
89999
89999
95000
92500
97500
97500
100000
83160
85800
89999
89999
92500
100000
89999
85000
90000
97500
85000
87500
88000
100000
86500
91000
85000
90000
85000
90000
95000
96000
100000
97500
97500
95000
92500
95000
90000
92500
92500
100000
87500
95000
97500
95000
100000
97500
100000
87500
93720
99000
92400
85800
90000
89760
85000
89999
89999
85000
95000
87499
87499
87499
87499
87499
87499
87499
87499
87499
87499
87499
87499
87499
87499
87499
87499
87499
87499
87499
87499
87499
87499
87499
87499
87499
87499
87499
87499
87499
87499
87499
87499
87499
87499
87499
87499
87499
87499
87499
87499
87499
87499
87499
87499
87499
87499
87499
87499
100000
100000
90000
95000
90000
96120
95000
90000
98400
87500
85000
90000
90000
90000
84000
85000
85000
100000
85000
90000
87500
95000
96000
98880
85000
85000
92500
90000
85000
87500
85200
90000
86400
87500
96000
87600
85000
100000
90000
95000
100000
87500
95000
96000
100000
95000
85000
85000
96000
99840
90000
99840
90000
100000
100000
85000
85000
92500
100000
100000
85000
87500
87500
87500
95000
90000
95000
95000
99000
96000
96000
90000
100000
100000
100000
95000
85000
90000
93600
85000
110000
84000
91200
96000
87500
100000
90000
85680
100000
100000
85000
85000
100000
100000
90000
84000
100000
84000
90000
86400
83296
83296
90000
91629
84000
84000
96000
96000
85000
83000
100000
90000
90000
90500
97500
86500
90000
90000
85000
85000
86400
100000
90000
96000
100000
100000
96000
96000
100000
87500
96000
85000
84000
92500
96000
84000
90000
100000
90000
90000
87500
90000
99000
87500
85000
90000
96000
96000
85000
90000
100000
85000
100000
95000
93750
100000
87500
90000
89999
89999
89999
89999
85140
85800
85800
84480
96360
95040
96360
100000
96000
85000
95000
92400
97500
92500
90000
84000
85000
90000
95000
90000
85000
90000
85000
100000
100000
85000
96000
96000
100000
84000
90000
100000
96000
94800
90000
90000
93600
90000
89999
89999
85000
90000
95040
85800
84000
90000
92500
93750
87000
90000
85000
90000
92500
86400
84240
87500
93600
99000
99000
100000
96000
84000
100000
85000
95000
96000
100000
90000
85000
90000
100000
87499
87499
87499
87499
87499
87499
87499
87499
87499
87499
87499
87499
87499
87499
87499
87499
87499
95000
85000
100000
84160
85000
84000
96000
96000
110000
93750
90000
84480
95000
84480
90000
89000
90000
84000
100000
99750
90000
100000
87000
86400
90000
85000
92500
91200
96000
95000
90000
99600
84000
85000
87500
92500
100000
95000
85000
100000
90000
90000
90000
90000
97500
84000
85000
84000
84000
90000
100000
84000
85000
100000
100000
88800
90000
85000
84000
90650
87500
108000
85000
87000
90000
85000
96000
96000
95000
84000
100000
90000
91000
85000
85000
85000
90000
85000
85000
85000
86400
96000
86400
84000
84000
90000
95000
100000
95000
95000
100000
85000
85000
100000
100000
100000
85000
85000
85000
85000
85000
85000
85000
85000
85000
85000
91000
97500
115200
100000
110000
96000
95000
100000
87000
90000
100000
100000
100000
85000
95000
87300
96000
96000
95760
93000
90000
93600
84000
96000
90000
90000
90000
85000
90000
84000
96000
100000
84120
90000
100000
86400
98880
90000
105196
84000
96000
100000
90000
100000
90000
100000
100000
96000
90000
84000
85000
96000
96000
84000
89760
90000
90000
85000
85000
90000
90000
96000
84000
87000
90000
86400
85200
87000
98400
86400
96000
85000
92160
95000
100000
100000
90000
90000
93000
90000
90000
100000
86400
85500
100000
91500
96000
84000
95000
84000
96000
90000
96120
98400
102500
100000
85000
87500
95000
87475
95000
85000
95000
100000
85000
95000
100000
85000
83520
100000
95000
83520
87500
83520
83520
83520
83520
83520
83520
83520
83520
85000
105600
100000
90000
84000
84000
85000
92500
100000
90000
90000
90000
90000
96000
84000
87600
84000
96000
83500
90000
90000
85000
90000
90000
84000
90000
83880
96120
85000
84000
84000
94200
84360
84360
85800
95040
92500
90000
90000
100000
90000
90000
90000
90000
96000
110000
87500
90000
85000
90000
87600
87499
87499
87499
87499
87499
85000
96000
84000
84000
84000
100000
84120
90000
100000
100000
90000
85000
100000
85000
84000
85000
85000
85000
90000
90000
86400
96000
98400
100000
100000
90000
100000
96000
96000
99000
96000
100000
84000
84000
84000
96000
90000
90000
85000
95000
100000
85000
85000
85000
85000
85000
96460
95000
110000
97500
96000
90500
98400
90000
90000
90000
85000
90000
92500
93600
90000
91200
90000
90000
93000
90000
96000
90000
84000
90000
85000
90000
85200
87000
90000
90000
85000
86400
86400
84000
84000
84000
96000
86400
86400
86400
90000
84000
85000
87500
86400
90600
87000
84000
96000
100000
90000
90000
90000
95000
84000
84000
85000
98400
98400
85000
85000
96000
100000
110000
90000
100000
100000
100000
